    0     0   282    80    -1
    0     1    94   173    -1
    0     2   318    72    -1
    0     3    57   241    -1
    0     4     6   393    -1
    0     5   171   390    -1
    0     6   321   354    -1
    0     7    60    19    -1
    0     8   243    59    -1
    0     9   298   162    -1
    0    10   212   386    -1
    0    11   210    34    -1
    0    12    54   219    -1
    0    13   211   259    -1
    0    14   157   264    -1
    0    15   155   253    -1
    0    16   313    62    -1
    0    17   147   201    -1
    0    18   280    94    -1
    0    19   223   251    -1
    0    20   367   142    -1
    0    21   257    69    -1
    0    22   198    64    -1
    0    23   378   171    -1
    0    24   340   164    -1
    0    25   371   160    -1
    0    26   128   231    -1
    0    27   345   352    -1
    0    28   239    23    -1
    0    29   240    92    -1
    0    30   299   367    -1
    0    31   205   244    -1
    0    32    16   216    -1
    0    33    43   248    -1
    0    34   141   312    -1
    0    35     7    34    -1
    0    36   279   205    -1
    0    37   230   346    -1
    0    38   193   331    -1
    0    39   203   381    -1
    0    40   270    51    -1
    0    41   143   354    -1
    0    42   137    68    -1
    0    43   188   154    -1
    0    44   249   173    -1
    0    45    98   163    -1
    0    46   166   371    -1
    0    47    22   299    -1
    0    48   276   337    -1
    0    49   134    13    -1
    0    50   247    39    -1
    0    51   309   323    -1
    0    52   162   387    -1
    0    53    62   386    -1
    0    54   186   311    -1
    0    55   215   270    -1
    0    56   175   104    -1
    0    57   389   296    -1
    0    58   256   108    -1
    0    59   159   319    -1
    0    60   137   380    -1
    0    61   292   221    -1
    0    62    65   161    -1
    0    63    19    44    -1
    0    64   300   341    -1
    0    65    25   340    -1
    0    66   322   280    -1
    0    67   131   176    -1
    0    68   143   343    -1
    0    69   126   123    -1
    0    70   385   377    -1
    0    71    24    27    -1
    0    72   224   350    -1
    0    73   363   257    -1
    0    74   393    51    -1
    0    75    83   129    -1
    0    76    96   120    -1
    0    77    37   147    -1
    0    78   389   177    -1
    0    79   252   246    -1
    0    80   384   298    -1
    0    81   337   131    -1
    0    82   372    65    -1
    0    83   161   301    -1
    0    84   130   364    -1
    0    85   352    57    -1
    0    86    86     9    -1
    0    87   351   131    -1
    0    88   155   103    -1
    0    89    39   180    -1
    0    90    87   227    -1
    0    91    72   204    -1
    0    92   390   144    -1
    0    93   393    13    -1
    0    94   221   242    -1
    0    95   203   309    -1
    0    96   392   385    -1
    0    97   192   268    -1
    0    98    63   172    -1
    0    99   354   232    -1
    0   100   105    40    -1
    0   101    86    42    -1
    0   102    86   149    -1
    0   103     7   343    -1
    0   104   158   228    -1
    0   105   256    43    -1
    0   106    23    53    -1
    0   107   167   359    -1
    0   108   363   151    -1
    0   109    59   132    -1
    0   110   261   246    -1
    0   111    85   169    -1
    0   112   234   176    -1
    0   113   344    72    -1
    0   114   175   271    -1
    0   115    17   139    -1
    0   116   277    92    -1
    0   117   142   233    -1
    0   118   160   359    -1
    0   119   352   342    -1
    0   120   167    69    -1
    0   121   259   168    -1
    0   122   203   263    -1
    0   123   387   331    -1
    0   124    40   373    -1
    0   125   275   122    -1
    0   126   298   188    -1
    0   127   225   231    -1
    0   128    51   141    -1
    0   129   172    11    -1
    0   130   295   125    -1
    0   131   189   389    -1
    0   132   355   103    -1
    0   133   157   229    -1
    0   134    39   324    -1
    0   135   124    35    -1
    0   136   287   205    -1
    0   137   267    94    -1
    0   138   172    17    -1
    0   139   214   386    -1
    0   140   118    15    -1
    0   141   347   388    -1
    0   142   197   373    -1
    0   143   372   300    -1
    0   144   341    56    -1
    0   145   347   165    -1
    0   146   109   225    -1
    0   147   350   171    -1
    0   148    20   108    -1
    0   149   109   284    -1
    0   150   393   220    -1
    0   151    95   285    -1
    0   152    50    14    -1
    0   153   263   148    -1
    0   154   178    20    -1
    0   155   190   244    -1
    0   156   206   193    -1
    0   157   253   349    -1
    0   158   198   229    -1
    0   159   200   325    -1
    0   160   373   125    -1
    0   161   295   266    -1
    0   162   147   328    -1
    0   163   282   195    -1
    0   164   230   388    -1
    0   165   259   257    -1
    0   166   148   318    -1
    0   167   358   120    -1
    0   168   127   273    -1
    0   169   109    21    -1
    0   170   111   283    -1
    0   171   200   234    -1
    0   172   252   214    -1
    0   173   327   307    -1
    0   174   387   131    -1
    0   175   190    39    -1
    0   176    34   207    -1
    0   177   264   340    -1
    0   178   229   129    -1
    0   179   285    66    -1
    0   180   129    39    -1
    0   181   276   217    -1
    0   182   173    84    -1
    0   183   345   155    -1
    0   184   375   103    -1
    0   185   257   300    -1
    0   186    60    65    -1
    0   187   312    27    -1
    0   188   190    24    -1
    0   189    87   346    -1
    0   190   304    34    -1
    0   191   100   260    -1
    0   192   287   132    -1
    0   193    43   197    -1
    0   194   312   208    -1
    0   195    69   117    -1
    0   196   307   183    -1
    0   197   312    61    -1
    0   198   277   327    -1
    0   199   364   113    -1
    0   200   375   237    -1
    0   201   270   389    -1
    0   202   232   114    -1
    0   203   128   196    -1
    0   204   151   196    -1
    0   205    81   110    -1
    0   206   331   367    -1
    0   207   145   192    -1
    0   208   371   291    -1
    0   209   182   392    -1
    0   210   363   184    -1
    0   211    70   343    -1
    0   212   369   273    -1
    0   213   251   330    -1
    0   214   108    52    -1
    0   215   365   318    -1
    0   216   140   233    -1
    0   217    85   127    -1
    0   218   277   310    -1
    0   219   360   266    -1
    0   220   325    67    -1
    0   221   372   319    -1
    0   222   366   181    -1
    0   223   121   259    -1
    0   224   237     5    -1
    0   225   103   235    -1
    0   226    14    14    -1
    0   227   147    40    -1
    0   228   164   273    -1
    0   229   382    94    -1
    0   230   347   384    -1
    0   231    45    18    -1
    0   232   341   345    -1
    0   233   375   323    -1
    0   234   341   334    -1
    0   280     5    61    -1
    0   235   223    51    -1
    0   236    45   375    -1
    0   237   377   235    -1
    0   238   295   242    -1
    0   239   171    20    -1
    0   240    19   265    -1
    0   241    12    34    -1
    0   242   361   385    -1
    0   243    36    81    -1
    0   244   255   189    -1
    0   245   323   195    -1
    0   246   257    35    -1
    0   247   293    38    -1
    0   248    50   353    -1
    0   249   231   225    -1
    0   250   283   345    -1
    0   251   390    14    -1
    0   252     5    20    -1
    0   253   148   245    -1
    0   254    39   151    -1
    0   255   112   275    -1
    0   256     6    31    -1
    0   257    97   280    -1
    0   258   276   149    -1
    0   259   114   303    -1
    0   260   160   124    -1
    0   261    18    23    -1
    0   262   200   393    -1
    0   263   284    65    -1
    0   264   140   276    -1
    0   265    21    72    -1
    0   266    17   186    -1
    0   267   219   353    -1
    0   268   106   163    -1
    0   269   137   372    -1
    0   270    54   348    -1
    0   271   103   223    -1
    0   272   273    39    -1
    0   273   217   287    -1
    0   274     7   185    -1
    0   275   143    18    -1
    0   276   235    21    -1
    0   277   278   200    -1
    0   278   353   191    -1
    0   279   349   140    -1
  230   283   231   191    -1
  230   298   288   298    -1
  230     0   336   240    -1
  230     1    32   113    -1
  230   439   275    27    -1
  230   293   158   199    -1
  230   400   325   254    -1
  230   336    97   305    -1
  230   452   219    23    -1
  230   383    72   292    -1
  230     8   222    95    -1
  230     9   295   333    -1
  230   374   182   327    -1
  230    12    77   209    -1
  230    13    46   235    -1
  230    15   174   143    -1
  230    17   195   130    -1
  230    19   100   175    -1
  230    20   286   214    -1
  230   414   180   347    -1
  230   355    30   243    -1
  230    25   386   197    -1
  230   480   391   238    -1
  230    27   339   299    -1
  230   384   366   336    -1
  230    29   211    27    -1
  230    31   222   226    -1
  230    32    56   321    -1
  230    33   109   394    -1
  230    34    72   226    -1
  230   382   300   148    -1
  230    37   174   341    -1
  230    38    57   241    -1
  230   332   105    40    -1
  230    40   207   129    -1
  230   399   145    75    -1
  230    43   179   271    -1
  230    44   241   203    -1
  230    45   133   289    -1
  230    47   147   382    -1
  230    48   329   324    -1
  230   375   178   317    -1
  230   380   190   331    -1
  230    51   243   254    -1
  230   343   271   283    -1
  230    53   232   353    -1
  230   482   168   392    -1
  230   287   234   237    -1
  230   457   379   213    -1
  230   408    78   303    -1
  230    56   355   121    -1
  230    57   337   120    -1
  230   415   297   327    -1
  230   453   392    38    -1
  230    59   201   282    -1
  230    60   132   180    -1
  230    61   327   209    -1
  230    62   165   276    -1
  230   320   242   323    -1
  230   364   106   303    -1
  230   372   365    35    -1
  230   424   394    32    -1
  230    66   326   303    -1
  230   463   376   187    -1
  230    68   231   299    -1
  230   461   391   126    -1
  230    71   145    24    -1
  230    72   114   368    -1
  230    73   358   316    -1
  230   390    92   385    -1
  230   458   150    25    -1
  230    76   198   114    -1
  230    77    59   192    -1
  230   455   373   338    -1
  230    78   349    63    -1
  230    79   250    61    -1
  230   354    91   333    -1
  230    81   222   217    -1
  230   469    17   170    -1
  230   373   385   339    -1
  230   284   155   153    -1
  230    87   206    55    -1
  230    88   181    52    -1
  230   365    87   133    -1
  230    90   157   319    -1
  230    91   197   127    -1
  230   468   378   136    -1
  230    94   309   293    -1
  230   473   387   315    -1
  230   475    14   295    -1
  230    96   317   224    -1
  230   478   391   280    -1
  230   100   188   129    -1
  230   459    25    89    -1
  230   102    65   166    -1
  230   103    65   185    -1
  230   104   100   332    -1
  230   106    72   151    -1
  230   481     7    67    -1
  230   352   101   370    -1
  230   108   188    76    -1
  230   381   109    71    -1
  230   281   311    26    -1
  230   110   217   260    -1
  230   111   137   154    -1
  230   433   379    49    -1
  230   112   116    75    -1
  230   479   309   389    -1
  230   474   384   293    -1
  230   116   241   230    -1
  230   117    37   132    -1
  230   118   149   296    -1
  230   432    49   331    -1
  230   423   203   363    -1
  230   121   240   238    -1
  230   122   265   307    -1
  230   404    68   279    -1
  230   476    58   390    -1
  230   125   337   222    -1
  230   127   156   162    -1
  230   467     9   109    -1
  230   337   167   313    -1
  230   130   323   126    -1
  230   131    50   371    -1
  230   132   245   127    -1
  230   133   162   131    -1
  230   406   331   359    -1
  230   135   118    94    -1
  230   136   142   302    -1
  230   395    80   280    -1
  230   353   203    75    -1
  230   137   269    32    -1
  230   420   236   338    -1
  230   440   244    33    -1
  230   141   181   373    -1
  230   142   185   328    -1
  230   143   357   306    -1
  230   470   234   379    -1
  230   146    51    83    -1
  230   430   357   172    -1
  230   477   385   135    -1
  230   151    90   108    -1
  230   465   280   387    -1
  230   153   134    28    -1
  230   154   153    21    -1
  230   338   105   312    -1
  230   156   367   140    -1
  230   367   184    39    -1
  230   158    57   226    -1
  230   159    29   308    -1
  230   445    29    64    -1
  230   161   336   127    -1
  230   162    85   145    -1
  230   163   231    50    -1
  230   428   158    35    -1
  230   165   362   197    -1
  230   166    26   201    -1
  230   356    23    66    -1
  230   168    74   225    -1
  230   366    84    64    -1
  230   170   147   243    -1
  230   171   230   134    -1
  230   172   214   346    -1
  230   422   355   289    -1
  230   173   174   334    -1
  230   387    90    74    -1
  230   318    56   115    -1
  230   363   226   348    -1
  230   177   242   228    -1
  230   178   100   192    -1
  230   448   300    28    -1
  230   180   195   128    -1
  230   181   159   202    -1
  230   182    42    63    -1
  230   441   357    38    -1
  230   346    65    47    -1
  230   185   262   240    -1
  230   186    96   193    -1
  230   188   107   100    -1
  230   409   140    51    -1
  230   190   218   174    -1
  230   191    66   333    -1
  230   192   366    61    -1
  230   194   205   275    -1
  230   195   183    65    -1
  230   196   294    89    -1
  230   198   320   226    -1
  230   200   345   173    -1
  230   419   202    69    -1
  230   471    15   383    -1
  230   202    82   120    -1
  230   203    82   272    -1
  230   291   276   117    -1
  230   204   184   265    -1
  230   416   367    69    -1
  230   412   314    19    -1
  230   207   202   162    -1
  230   361    97   318    -1
  230   209   109   360    -1
  230   211   238   289    -1
  230   357   109   175    -1
  230   449   259   367    -1
  230   213   279   280    -1
  230   376   100   289    -1
  230   216   167   242    -1
  230   217   182   135    -1
  230   218   369   251    -1
  230   219   224   318    -1
  230   388   347    64    -1
  230   450   365   204    -1
  230   225   185   157    -1
  230   464   380   158    -1
  230   227     5   156    -1
  230   228   156   122    -1
  230   466   274   375    -1
  230   451   368   160    -1
  230   446   377   249    -1
  230   427   323   365    -1
  230   472    35   389    -1
  230   370    83   264    -1
  230   280   185   140    -1
  230   371    66   117    -1
  230   460   172     9    -1
  230   235   287   137    -1
  230   429   101   348    -1
  230   238   213   331    -1
  230   328   309    93    -1
  230   239   134   164    -1
  230   368   308   264    -1
  230   321   353   169    -1
  230   242   283   369    -1
  230   243    99    94    -1
  230   311   270   354    -1
  230   244   229   234    -1
  230   245   392   265    -1
  230   308   274   394    -1
  230   426   232   355    -1
  230   483   366   394    -1
  230   249   304   139    -1
  230   398   245   327    -1
  230   294   295   156    -1
  230   253   270   283    -1
  230   254    86    23    -1
  230   255   252   222    -1
  230   402   315    61    -1
  230   345    35    88    -1
  230   295   162   348    -1
  230   454   186    13    -1
  230   258   281   167    -1
  230   259    67   167    -1
  230   437   251    44    -1
  230   315    64   128    -1
  230   435   188   372    -1
  230   263   281   188    -1
  230   264    99   127    -1
  230   443    90   362    -1
  230   266   154   157    -1
  230   267   268   164    -1
  230   447   364   181    -1
  230   268   234   142    -1
  230   304    54    95    -1
  230   269   127   236    -1
  230   378   325   235    -1
  230   270   206   369    -1
  230   302   301   201    -1
  230   431   347   348    -1
  230   272   339   198    -1
  230   273   299   213    -1
  230   341   140   270    -1
  230   276   157   124    -1
  230   277   147    96    -1
  230   278   171   142    -1
  230   434    47   194    -1
  460   283    61   118    -1
  460   686   334     6    -1
  460   683   390   216    -1
  460   484   232    54    -1
  460   581   325   190    -1
  460   507    32   102    -1
  460   488   256   314    -1
  460   293   186    60    -1
  460   400   311   312    -1
  460   660   384   221    -1
  460   452   157   187    -1
  460   383   126   244    -1
  460   640   266    44    -1
  460   636   366   311    -1
  460    12    86    77    -1
  460    15   248    10    -1
  460    17   375   136    -1
  460   650    30   282    -1
  460    20   354   307    -1
  460   617   242    69    -1
  460   414    64   212    -1
  460   355    91   227    -1
  460   544    89   309    -1
  460   593   317   227    -1
  460   591    52    75    -1
  460    27   308   170    -1
  460   601   308   362    -1
  460   603   206   377    -1
  460   514   219    73    -1
  460    31   310   142    -1
  460    32    38   319    -1
  460   562   255    93    -1
  460    34    91   392    -1
  460   382   235   316    -1
  460   530    30    87    -1
  460   648   147   361    -1
  460    38   107   346    -1
  460   332   190    92    -1
  460    40   143   286    -1
  460   399   124    72    -1
  460   526   259    85    -1
  460    43   329   352    -1
  460    44   361   184    -1
  460   672    62    12    -1
  460   499   175   278    -1
  460   641    94    11    -1
  460   550   204    56    -1
  460    48   195   309    -1
  460   375   237   174    -1
  460   380   298   309    -1
  460   343   200   243    -1
  460   662   332    19    -1
  460   677    17    13    -1
  460   287   122   256    -1
  460   457   362   240    -1
  460   408   120   282    -1
  460   558    91   189    -1
  460   597    87   146    -1
  460   643   299   369    -1
  460   415   148   198    -1
  460   659     8   291    -1
  460    59   191   202    -1
  460    60    41   120    -1
  460   622   336   335    -1
  460    62   261   177    -1
  460   364   221   218    -1
  460   653   378   319    -1
  460   539    53   149    -1
  460   463   219   146    -1
  460   543    73   115    -1
  460   523    83    91    -1
  460   589   368   100    -1
  460   678   386    61    -1
  460   670   355    14    -1
  460   532    45   319    -1
  460    76   131   117    -1
  460    77   161   152    -1
  460   618   330    18    -1
  460   647    68    25    -1
  460   576   129    49    -1
  460   663   379   259    -1
  460    81   224    77    -1
  460   469    91   127    -1
  460   586   296    77    -1
  460   561   364   132    -1
  460   284   345   192    -1
  460    87   268   133    -1
  460    88   297   189    -1
  460   365    76   240    -1
  460    91   350   182    -1
  460   524   357   210    -1
  460   468   232   150    -1
  460    94   338   164    -1
  460   473   386   394    -1
  460   525   290   259    -1
  460   475    78   376    -1
  460    96   305   134    -1
  460   536   113   247    -1
  460   673   315   381    -1
  460   540   119   316    -1
  460   100   233   215    -1
  460   459    44    87    -1
  460   605   380    38    -1
  460   103    89    90    -1
  460   104   173   216    -1
  460   609   204   350    -1
  460   106   108   115    -1
  460   633   350   114    -1
  460   655    21   376    -1
  460   534   254   127    -1
  460   108    58   159    -1
  460   381   252   152    -1
  460   560   205   357    -1
  460   110   350   237    -1
  460   111   184   126    -1
  460   604    33   196    -1
  460   614    59   352    -1
  460   506   331   263    -1
  460   479   375   213    -1
  460   474   264   294    -1
  460   118   247   193    -1
  460   583   338   339    -1
  460   619   137   375    -1
  460   121   161    85    -1
  460   122   228   294    -1
  460   681   389   360    -1
  460   600   386   355    -1
  460   667    18   305    -1
  460   611   372   178    -1
  460   127   111   199    -1
  460   554   302   210    -1
  460   337   130   331    -1
  460   130   293    74    -1
  460   682    91    11    -1
  460   679   342   386    -1
  460   133   224   143    -1
  460   627   257    64    -1
  460   656   149   378    -1
  460   136    95   171    -1
  460   395   171   326    -1
  460   353   271     7    -1
  460   137    92    71    -1
  460   577    31   105    -1
  460   420   258   320    -1
  460   440   185   190    -1
  460   142   172   310    -1
  460   470    77   304    -1
  460   639   354   239    -1
  460   573   298    88    -1
  460   430   266   241    -1
  460   630   119    37    -1
  460   485    23   157    -1
  460   628   394   182    -1
  460   637   122   367    -1
  460   465   248   338    -1
  460   153   234   170    -1
  460   537   283    60    -1
  460   654   249    26    -1
  460   156   333   156    -1
  460   367    36   103    -1
  460   158   126   135    -1
  460   638    87   353    -1
  460   608    56    88    -1
  460   162    56   161    -1
  460   587   131   333    -1
  460   428   324    59    -1
  460   602    77   311    -1
  460   684    10   139    -1
  460   579   348    30    -1
  460   366   282   120    -1
  460   172   182   182    -1
  460   626    43   337    -1
  460   173   256   350    -1
  460   671   380   172    -1
  460   687   208   394    -1
  460   318   134   145    -1
  460   363   201   268    -1
  460   545    31   347    -1
  460   177   159   394    -1
  460   178    13   153    -1
  460   180   277   140    -1
  460   664    21   376    -1
  460   624   393   187    -1
  460   185   376   243    -1
  460   186    89   196    -1
  460   632   348   329    -1
  460   500   368    51    -1
  460   190   234   198    -1
  460   595   311   353    -1
  460   548   319   103    -1
  460   522   367    65    -1
  460   194   208   344    -1
  460   195   260    79    -1
  460   676     9   382    -1
  460   518    41    91    -1
  460   198   318   357    -1
  460   493   138   272    -1
  460   200   188   104    -1
  460   419   182   225    -1
  460   668   165   394    -1
  460   661   177    27    -1
  460   203    45   259    -1
  460   291   346   213    -1
  460   204    32   257    -1
  460   625   363   310    -1
  460   412   175   106    -1
  460   207   109   189    -1
  460   616   343   350    -1
  460   551   195   285    -1
  460   529   177   120    -1
  460   211   187   137    -1
  460   357   148   302    -1
  460   631   302    49    -1
  460   213   328   254    -1
  460   658   384   382    -1
  460   376    24   139    -1
  460   216    81    79    -1
  460   217   207   206    -1
  460   219   194   257    -1
  460   564   310   242    -1
  460   607   367   267    -1
  460   450   253    96    -1
  460   225    93   228    -1
  460   464   239    71    -1
  460   575   121   205    -1
  460   228   239   218    -1
  460   466   170   246    -1
  460   451   207   219    -1
  460   621    11   243    -1
  460   590   207    73    -1
  460   688   393    33    -1
  460   501   271   338    -1
  460   612   352   219    -1
  460   502   157   270    -1
  460   651    36    51    -1
  460   649   233   374    -1
  460   680    12    87    -1
  460   623    92    55    -1
  460   644   376   171    -1
  460   239     8   243    -1
  460   368   301   316    -1
  460   321   287   270    -1
  460   674    11    19    -1
  460   243    77     7    -1
  460   613   125    11    -1
  460   244   282   185    -1
  460   546   157   260    -1
  460   538   177   144    -1
  460   426   211   365    -1
  460   552     6   216    -1
  460   652    28   217    -1
  460   398   135   206    -1
  460   519   296   243    -1
  460   294   265    48    -1
  460   572   232    63    -1
  460   255   245   120    -1
  460   578   303    56    -1
  460   669   277    22    -1
  460   454   251   129    -1
  460   259   190    65    -1
  460   315   129   123    -1
  460   566   256    71    -1
  460   263   262   307    -1
  460   264   228    39    -1
  460   266   127    75    -1
  460   267   148   215    -1
  460   447   210   198    -1
  460   268   354    62    -1
  460   634    58   349    -1
  460   269   236   286    -1
  460   378   345   208    -1
  460   580   187    99    -1
  460   302   335   267    -1
  460   582   107   279    -1
  460   642    35   354    -1
  460   272   163   272    -1
  460   273   386   103    -1
  460   341   214   149    -1
  460   542    32   167    -1
  460   276    61    80    -1
  460   278    83   200    -1
  460   434   134   106    -1
  690   283    21   220    -1
  690   759   393   283    -1
  690   784    58   146    -1
  690   484   110    12    -1
  690   866    13   258    -1
  690   293   253   210    -1
  690   400   168   270    -1
  690   660   193   168    -1
  690   452    74   189    -1
  690   383   162   361    -1
  690   640   239   117    -1
  690   636   226   301    -1
  690    12    21   146    -1
  690   776    83   304    -1
  690   695   285   337    -1
  690   773   198   319    -1
  690   715   313    84    -1
  690   758   346   322    -1
  690   723    31    27    -1
  690   414   133    74    -1
  690   355   231   155    -1
  690   544   153   279    -1
  690   593   214    92    -1
  690   591   136    30    -1
  690    27   144   176    -1
  690   797   236    42    -1
  690   514   101   109    -1
  690    31   301   308    -1
  690   562   293   247    -1
  690   779   176    99    -1
  690   382   282   196    -1
  690   530   199   103    -1
  690    38   173   278    -1
  690   332   318    93    -1
  690   846   125    28    -1
  690   399   133    76    -1
  690   526   264   164    -1
  690    43   240   262    -1
  690   816    19   338    -1
  690   672   102   173    -1
  690   499   123   190    -1
  690   725   163   250    -1
  690   869   344     7    -1
  690   375    70   142    -1
  690   858    17   305    -1
  690   783     9    93    -1
  690   343   153   200    -1
  690   662   233   125    -1
  690   826   117   372    -1
  690   287   180   218    -1
  690   703    67   184    -1
  690   558    30    28    -1
  690   597   207    54    -1
  690   643   249   362    -1
  690   415   189   375    -1
  690   659   151   253    -1
  690    59   254    22    -1
  690   622   198   267    -1
  690    62   315   194    -1
  690   364   326   216    -1
  690   798    36   136    -1
  690   762   381   201    -1
  690   806     8    44    -1
  690   463   175    61    -1
  690   543   185   213    -1
  690   849    21   183    -1
  690   871     5   119    -1
  690   802   268   341    -1
  690   678   322    85    -1
  690   739   362   266    -1
  690   532    25   148    -1
  690   859   384   188    -1
  690    77   305   206    -1
  690   618   370    18    -1
  690   860   114   383    -1
  690   576   223    97    -1
  690   663   346    97    -1
  690   469   106    62    -1
  690   821   394   141    -1
  690   561   165   131    -1
  690   734   363    23    -1
  690   284   273   218    -1
  690   837    36   262    -1
  690   365    96    91    -1
  690   840    40   384    -1
  690   809   335   298    -1
  690   468    87    95    -1
  690    94   164   167    -1
  690   852   375   144    -1
  690   525   331    75    -1
  690   865   384    19    -1
  690    96   197   251    -1
  690   536   118   155    -1
  690   833   359   360    -1
  690   540   170   265    -1
  690   100   311    41    -1
  690   789    59   379    -1
  690   605   304   161    -1
  690   103   148   180    -1
  690   104   100   343    -1
  690   106    86   257    -1
  690   633   219    55    -1
  690   534   155   167    -1
  690   799    64   109    -1
  690   381   340   212    -1
  690   560    66   364    -1
  690   803    50   254    -1
  690   111   297   173    -1
  690   604   115   240    -1
  690   844   107    16    -1
  690   828    41   152    -1
  690   479   242   126    -1
  690   474   126   304    -1
  690   724    52   355    -1
  690   717   111   162    -1
  690   118   296   141    -1
  690   793    62   279    -1
  690   750   203    47    -1
  690   122    68   387    -1
  690   830   376   184    -1
  690   667    35   312    -1
  690   870     5   294    -1
  690   554   306   304    -1
  690   337   224   201    -1
  690   133   237   279    -1
  690   627   160   103    -1
  690   656   147   393    -1
  690   136   218   155    -1
  690   395   123   388    -1
  690   845   380   224    -1
  690   577    41   125    -1
  690   440    56   224    -1
  690   142    55   261    -1
  690   818   351    43    -1
  690   639   371   101    -1
  690   811   304   348    -1
  690   430   169   357    -1
  690   630    24   182    -1
  690   485   179   163    -1
  690   831    18   119    -1
  690   637   212   303    -1
  690   153   370   112    -1
  690   767   123    47    -1
  690   654   228   169    -1
  690   861   390   104    -1
  690   158    37    58    -1
  690   694   163   122    -1
  690   805   334   345    -1
  690   815    39   174    -1
  690   162   137   246    -1
  690   835   215   366    -1
  690   868   120   390    -1
  690   684   121   151    -1
  690   579   242   101    -1
  690   366   334   127    -1
  690   710    70   114    -1
  690   873     6    85    -1
  690   172   163   333    -1
  690   807   355   285    -1
  690   700   388   384    -1
  690   770   262    92    -1
  690   857    18   178    -1
  690   687   284   339    -1
  690   318   132    15    -1
  690   363   185   222    -1
  690   545   102   360    -1
  690   785   109   349    -1
  690   178   118   178    -1
  690   732   284    17    -1
  690   872   260   394    -1
  690   722   113   252    -1
  690   813    34   252    -1
  690   186   142   284    -1
  690   632   243   329    -1
  690   752   254    53    -1
  690   742   137    25    -1
  690   690    64    97    -1
  690   190    67   191    -1
  690   548   329   137    -1
  690   194   115   326    -1
  690   195   293   145    -1
  690   676    99   222    -1
  690   518   157   155    -1
  690   777   297    58    -1
  690   493   198   386    -1
  690   200    17   172    -1
  690   419    97   383    -1
  690   729   108   135    -1
  690   203    82   160    -1
  690   291   304    29    -1
  690   625   188   332    -1
  690   412   131    55    -1
  690   207   248   129    -1
  690   616   226   243    -1
  690   551   355   237    -1
  690   842   144   374    -1
  690   211   134    84    -1
  690   862   388   347    -1
  690   763   359   341    -1
  690   213   191   256    -1
  690   832    39    16    -1
  690   782   316    88    -1
  690   216    48   196    -1
  690   217    98   275    -1
  690   745   109   185    -1
  690   219   187   351    -1
  690   564   349   387    -1
  690   838     8    36    -1
  690   778    78   232    -1
  690   450   136   183    -1
  690   822    53   389    -1
  690   691   252   244    -1
  690   225   214   219    -1
  690   464   384   193    -1
  690   228   274   337    -1
  690   466   163   162    -1
  690   451    74   145    -1
  690   621   145   255    -1
  690   590   142   208    -1
  690   688   252    34    -1
  690   843   133   389    -1
  690   612   286   281    -1
  690   502    36   376    -1
  690   696    16    79    -1
  690   795   155   348    -1
  690   649   225   216    -1
  690   863    13   371    -1
  690   644   220   146    -1
  690   847   212    19    -1
  690   708   234   290    -1
  690   753   101   231    -1
  690   368   377   166    -1
  690   321   192   360    -1
  690   848   111   379    -1
  690   850   384   286    -1
  690   769    82   307    -1
  690   244   387   267    -1
  690   546   185   243    -1
  690   538   262   130    -1
  690   426    65   299    -1
  690   731   243   108    -1
  690   864    15    56    -1
  690   652    63   352    -1
  690   398   210    70    -1
  690   733   199    51    -1
  690   519   307   115    -1
  690   829   177     9    -1
  690   572   236    54    -1
  690   255   264   154    -1
  690   774   272   294    -1
  690   754   198   365    -1
  690   454   185     8    -1
  690   827    35    93    -1
  690   820   147   354    -1
  690   263   291   154    -1
  690   264   150   141    -1
  690   808    89    65    -1
  690   267   182   300    -1
  690   447   130   362    -1
  690   634   122   199    -1
  690   269   146   251    -1
  690   378   350   302    -1
  690   580   217    71    -1
  690   856   380   246    -1
  690   771    57   372    -1
  690   582    49   293    -1
  690   825   382   205    -1
  690   272    31   235    -1
  690   743   368   110    -1
  690   341   341    27    -1
  690   746   304   269    -1
  690   867   387   250    -1
  920  1012   318    92    -1
  920   924   120   188    -1
  920   784    69   120    -1
  920  1040   140    43    -1
  920   866   167   256    -1
  920   887   284   142    -1
  920  1027    89   251    -1
  920  1058    60    42    -1
  920   293   323   298    -1
  920   400    78   318    -1
  920   660   195   241    -1
  920  1047   381   136    -1
  920   948   160   103    -1
  920   640   276   152    -1
  920   961    66    61    -1
  920  1100    10   175    -1
  920  1008    84    74    -1
  920   776    14   308    -1
  920   695   347   357    -1
  920   773   255   381    -1
  920  1018   234   362    -1
  920   892   285   264    -1
  920  1086    33   305    -1
  920   979   144   309    -1
  920   885   105   158    -1
  920  1067   160   353    -1
  920   355   148    69    -1
  920   544   269   345    -1
  920   593   126   183    -1
  920  1065   213   384    -1
  920    27   190   159    -1
  920   797   160   163    -1
  920   514    78   279    -1
  920  1099   394   388    -1
  920  1094    17   272    -1
  920   779   220    21    -1
  920   382   348    36    -1
  920   530   312   137    -1
  920   965   393   102    -1
  920    38   216   179    -1
  920   332   285    19    -1
  920   846    25    26    -1
  920   399    88   197    -1
  920   526   359   140    -1
  920    43   137   129    -1
  920   672   107   266    -1
  920  1074   369   265    -1
  920   725    51   106    -1
  920  1080   306    11    -1
  920  1092   259    19    -1
  920   970   284   323    -1
  920   926   292    14    -1
  920   662   268   218    -1
  920   980   173    72    -1
  920   287   219    54    -1
  920   703   124   240    -1
  920   907   293   284    -1
  920   877   227   109    -1
  920   558   105   183    -1
  920  1097   162     6    -1
  920   967   276   285    -1
  920   659   270   368    -1
  920   957   279   103    -1
  920   622   289   352    -1
  920    62   232   225    -1
  920   905    10    54    -1
  920   364   187    94    -1
  920   798    96   217    -1
  920  1032    56   347    -1
  920   463   142    91    -1
  920   543   173   155    -1
  920   849   219   153    -1
  920   984   347    99    -1
  920   802   123   304    -1
  920   678   357    92    -1
  920  1069   361   275    -1
  920  1050   364    79    -1
  920   962    98    38    -1
  920    77   191   204    -1
  920   974   335   115    -1
  920   860   180   282    -1
  920   576   295   197    -1
  920  1043   267   351    -1
  920   960   328   127    -1
  920   893   238   112    -1
  920   561   164   131    -1
  920  1101   378   391    -1
  920   284   297   376    -1
  920  1075    11    33    -1
  920   837   207   235    -1
  920  1000    79   218    -1
  920  1042   342   129    -1
  920    94    69    61    -1
  920  1015    55   108    -1
  920   988   332    80    -1
  920   971   274   286    -1
  920    96   185   325    -1
  920   536   201   270    -1
  920   990   304   305    -1
  920   540   359   225    -1
  920   986   107    47    -1
  920   103   178   326    -1
  920  1072   376   327    -1
  920   106   100   245    -1
  920   633   287    90    -1
  920  1001   353   199    -1
  920   534   206   216    -1
  920   799    41   278    -1
  920   381   320   270    -1
  920   560   175   236    -1
  920   803   159   171    -1
  920   111   195   301    -1
  920   604    84   293    -1
  920   844    35   185    -1
  920   828   106    38    -1
  920   479   191   150    -1
  920   474   183   385    -1
  920  1059    50    40    -1
  920  1089   383   268    -1
  920   118   337    59    -1
  920  1073   183   369    -1
  920   996   353   384    -1
  920   908   107   287    -1
  920  1005   140    85    -1
  920   914   160    34    -1
  920   982   320   282    -1
  920  1006   342   293    -1
  920   870   132   229    -1
  920  1076   369    26    -1
  920   337   334   106    -1
  920   879   137    55    -1
  920   133   222   344    -1
  920   627   262   162    -1
  920  1057   262   365    -1
  920   136   286   184    -1
  920   935    75   264    -1
  920  1036    23   193    -1
  920   577    45   255    -1
  920   896    46   107    -1
  920  1002   357    75    -1
  920   895   255   339    -1
  920   142    16   190    -1
  920   818   255   128    -1
  920  1063   375   178    -1
  920  1020    72   169    -1
  920   811   300   286    -1
  920   991   104   307    -1
  920   630   114   348    -1
  920   485   250    26    -1
  920  1051    36   232    -1
  920  1087   221   369    -1
  920  1044   350   126    -1
  920  1093    22   111    -1
  920  1090    10     8    -1
  920   975    75   342    -1
  920   654   100    89    -1
  920  1033   341   321    -1
  920   694    42   156    -1
  920  1021    78   275    -1
  920  1078   389   205    -1
  920   162   175   297    -1
  920   976   294   342    -1
  920   835   168   392    -1
  920   684   175   302    -1
  920   579   223   146    -1
  920   947    27   133    -1
  920  1013    11   194    -1
  920   873    43    47    -1
  920  1095   265    18    -1
  920   807   294   309    -1
  920   985    33   302    -1
  920   770   148   211    -1
  920  1096   389    57    -1
  920   687   246   278    -1
  920  1102   321     5    -1
  920   363   229   208    -1
  920  1066   299   379    -1
  920  1083    69   377    -1
  920   178   179    51    -1
  920   874   265   350    -1
  920  1085    70    31    -1
  920  1103     6   257    -1
  920  1031    45   238    -1
  920   722    47   331    -1
  920   813   112   391    -1
  920   186   142   183    -1
  920   632   284   160    -1
  920   752   235    51    -1
  920  1011   211   312    -1
  920  1082   390   363    -1
  920  1017   352   308    -1
  920   968   199   302    -1
  920   989    48    48    -1
  920  1034   200   369    -1
  920   195   290   217    -1
  920   676   188   228    -1
  920   518   178   205    -1
  920   973   337   334    -1
  920   932   373   168    -1
  920   891   365   333    -1
  920   203   192   295    -1
  920  1064    56   386    -1
  920  1028   239   350    -1
  920   412   194    72    -1
  920   207   336   180    -1
  920   616   346   352    -1
  920  1077    27   137    -1
  920  1053   220   373    -1
  920  1054   317    41    -1
  920  1061    51    38    -1
  920   213   248   272    -1
  920   987    58   317    -1
  920   782   284    90    -1
  920   216   183   218    -1
  920   217   209   153    -1
  920  1098   155   389    -1
  920  1084     9   359    -1
  920  1062   358   344    -1
  920   778   203   241    -1
  920   450    44   261    -1
  920  1079   374    19    -1
  920   225   321   216    -1
  920  1052    38   189    -1
  920   228   214   298    -1
  920   466   118   117    -1
  920   451    75   290    -1
  920   621    40   349    -1
  920   590   247   363    -1
  920   843    54   255    -1
  920   612   368   393    -1
  920  1060   346    21    -1
  920   933   317   105    -1
  920   795   126   224    -1
  920   649   124   177    -1
  920   863   143   362    -1
  920  1004   123    99    -1
  920   644   290    69    -1
  920   847   344   146    -1
  920   753   226   182    -1
  920  1003    73   290    -1
  920   321   168   340    -1
  920  1022    85   205    -1
  920   769   236   293    -1
  920   918   155   263    -1
  920   546   207   365    -1
  920   538   389   147    -1
  920   731    77   133    -1
  920  1026    46   315    -1
  920  1068   154    46    -1
  920  1030   258   359    -1
  920   992   233   310    -1
  920  1035   248    71    -1
  920  1088   372    54    -1
  920  1019   233   314    -1
  920   255   270    34    -1
  920   983    12    31    -1
  920   774   133   176    -1
  920   994    29    34    -1
  920   454   181   173    -1
  920  1091    18   172    -1
  920   906    64   246    -1
  920   820   141   205    -1
  920   875   239     5    -1
  920   894    81   302    -1
  920   904   268   231    -1
  920   263   335   151    -1
  920   264   204   135    -1
  920  1081   371   218    -1
  920   946   226    61    -1
  920   898   111   371    -1
  920   634    30   177    -1
  920   269    85   189    -1
  920   378   357   199    -1
  920   580   248   125    -1
  920  1104   394   201    -1
  920   972   112    57    -1
  920   582    91   217    -1
  920  1046   361   116    -1
  920   927    77   390    -1
  920   958   127    36    -1
  920  1014   341   384    -1
  920   746   305   378    -1
  920   911   116   272    -1
  920  1038    16    65    -1
  920   969    77   134    -1
  920   945   349   347    -1
 1150   924   236   255    -1
 1150   784   185   210    -1
 1150  1040    50   107    -1
 1150   866   107   390    -1
 1150   887   196   114    -1
 1150  1027   194   223    -1
 1150   293   216   219    -1
 1150   400   203   250    -1
 1150   660   307   185    -1
 1150  1291    11   267    -1
 1150   948   109    67    -1
 1150   640   212   166    -1
 1150  1296   283   392    -1
 1150  1253   169   377    -1
 1150  1100    70    67    -1
 1150  1008   198   180    -1
 1150  1226    58   212    -1
 1150   695   328   233    -1
 1150   773   258   292    -1
 1150   892   359   248    -1
 1150  1086    12   336    -1
 1150   979    49   274    -1
 1150  1241    58    52    -1
 1150   885    36   244    -1
 1150  1067    76   196    -1
 1150   544   106   296    -1
 1150   593    11   272    -1
 1150  1065   339   380    -1
 1150    27   142   258    -1
 1150  1111   192   306    -1
 1150   797    94   156    -1
 1150   514   201   320    -1
 1150  1288   130    15    -1
 1150  1117   218   365    -1
 1150  1233    65   270    -1
 1150  1183   253   298    -1
 1150  1252   334   354    -1
 1150  1235    46    97    -1
 1150    38   246    21    -1
 1150   332   303   183    -1
 1150  1162   268    65    -1
 1150  1257   352   276    -1
 1150  1188    99   122    -1
 1150  1271   150   389    -1
 1150   672    21   336    -1
 1150  1074   381   273    -1
 1150  1263    32   354    -1
 1150  1289   324   385    -1
 1150  1221   336   323    -1
 1150  1300    35   391    -1
 1150  1292   272     9    -1
 1150   662   332    74    -1
 1150   980   212    46    -1
 1150  1236   289   332    -1
 1150   703   285   136    -1
 1150   907   221   381    -1
 1150   877   255    87    -1
 1150   558   171   277    -1
 1150  1107   350    37    -1
 1150  1097   183   145    -1
 1150   967   206   211    -1
 1150  1178   343   295    -1
 1150   957   261   247    -1
 1150  1144   188   351    -1
 1150   622   374   263    -1
 1150    62   296   219    -1
 1150   905    50    89    -1
 1150   364    76    57    -1
 1150   798   219   272    -1
 1150  1227    80   168    -1
 1150  1281    73   377    -1
 1150   543     9   242    -1
 1150   849   253   101    -1
 1150   802   199   339    -1
 1150  1157   272   156    -1
 1150  1069   354   354    -1
 1150  1050   231   104    -1
 1150  1232   335    45    -1
 1150  1207   321   137    -1
 1150    77   127   255    -1
 1150  1208    86   163    -1
 1150   860   182   151    -1
 1150   576   166   171    -1
 1150  1043   231   286    -1
 1150   960   196   252    -1
 1150  1199   356    71    -1
 1150   893   102   167    -1
 1150  1283   129   381    -1
 1150  1101   327   273    -1
 1150  1261   225   358    -1
 1150  1194   310   306    -1
 1150   837   175   196    -1
 1150  1164   308   127    -1
 1150  1152    80   258    -1
 1150  1000   240   187    -1
 1150  1042   280   163    -1
 1150  1266   359   170    -1
 1150  1015    42    81    -1
 1150  1201    95    82    -1
 1150   971   298   247    -1
 1150    96    93   310    -1
 1150   990   228   227    -1
 1150   986    64   127    -1
 1150  1182   383    13    -1
 1150  1238   272    65    -1
 1150  1293   298     9    -1
 1150  1132   255   132    -1
 1150  1256   381   170    -1
 1150   633   351    61    -1
 1150  1001   313   151    -1
 1150   534   275   314    -1
 1150   799   146   230    -1
 1150   381   356   344    -1
 1150   560   303   182    -1
 1150   803   272   162    -1
 1150   111   154   153    -1
 1150   604   145   289    -1
 1150  1302   394    70    -1
 1150   479    58    84    -1
 1150  1136   326    46    -1
 1150  1059   164   141    -1
 1150  1231    56    36    -1
 1150  1239   148    33    -1
 1150   908    55   298    -1
 1150   914    94   165    -1
 1150   982   212   317    -1
 1150  1284     9    17    -1
 1150   870    32    91    -1
 1150  1222   352   201    -1
 1150  1243    19   101    -1
 1150  1272   356   383    -1
 1150   879   213   116    -1
 1150  1160   147   134    -1
 1150  1297    88   392    -1
 1150   627   179   233    -1
 1150  1057   251   201    -1
 1150   136   220   166    -1
 1150   935   108   184    -1
 1150  1155   266   184    -1
 1150   577   138   275    -1
 1150   896   195    22    -1
 1150  1214   269   357    -1
 1150  1186   380   376    -1
 1150  1268   360   283    -1
 1150   818   169    92    -1
 1150  1063   270   250    -1
 1150  1020   192    43    -1
 1150  1303     5   333    -1
 1150  1254    88    48    -1
 1150  1171   158   318    -1
 1150  1051   189   177    -1
 1150  1270   237   393    -1
 1150  1044   295   218    -1
 1150  1093   119   153    -1
 1150  1298   107   390    -1
 1150  1294     7   382    -1
 1150   654    39    44    -1
 1150  1267   369   179    -1
 1150  1109   170   263    -1
 1150   694    35    26    -1
 1150  1021   223   354    -1
 1150  1165   117   116    -1
 1150   162   240   285    -1
 1150   976   186   311    -1
 1150  1142   307    19    -1
 1150  1128    54   119    -1
 1150   684   346   311    -1
 1150   579   202   237    -1
 1150  1212    67   118    -1
 1150  1158   149   221    -1
 1150  1154   389   235    -1
 1150  1095   187   175    -1
 1150   807   166   205    -1
 1150  1240    49   341    -1
 1150   770   270   137    -1
 1150  1299   317   392    -1
 1150   687   221   147    -1
 1150  1102   393   136    -1
 1150   363   235   370    -1
 1150  1066   349   219    -1
 1150  1083   103   329    -1
 1150   178   309    77    -1
 1150   874   281   247    -1
 1150  1273   376    70    -1
 1150  1190   308   265    -1
 1150  1031    81   140    -1
 1150  1245   342   300    -1
 1150  1146    79   354    -1
 1150  1304   231   394    -1
 1150   752   214   107    -1
 1150  1011   103   231    -1
 1150  1282   234   382    -1
 1150   968   309   217    -1
 1150  1301   132     8    -1
 1150  1247    42    45    -1
 1150   195   365   121    -1
 1150   676   144   392    -1
 1150   518   154   265    -1
 1150  1166   309   293    -1
 1150   932   262   253    -1
 1150  1125   158   284    -1
 1150  1191   320   155    -1
 1150  1173    80   331    -1
 1150   203   290   268    -1
 1150  1276     5   320    -1
 1150  1213   202   309    -1
 1150  1285    14    21    -1
 1150  1077    37    49    -1
 1150  1185   328   353    -1
 1150  1168   208   301    -1
 1150  1255   360    12    -1
 1150   213   189   348    -1
 1150  1234   324   241    -1
 1150   782   227   267    -1
 1150   216    50   278    -1
 1150   217   134   175    -1
 1150  1123   329   102    -1
 1150  1277     7   376    -1
 1150  1143   300   363    -1
 1150   778   269   206    -1
 1150  1196   345   282    -1
 1150  1120    82   202    -1
 1150   225   144   253    -1
 1150  1172   123   298    -1
 1150  1265    44   119    -1
 1150  1280   371   153    -1
 1150  1274    35   368    -1
 1150   621   174   254    -1
 1150  1237   249    27    -1
 1150  1228   358   207    -1
 1150  1126   342   336    -1
 1150   933   231   143    -1
 1150   795   277   195    -1
 1150   649   122   169    -1
 1150   863   159   277    -1
 1150  1004    32   135    -1
 1150   847   305   279    -1
 1150  1287   391   220    -1
 1150   753   274    93    -1
 1150  1003   239   339    -1
 1150   321   230   258    -1
 1150  1022    49   172    -1
 1150   769   228   317    -1
 1150   918   285   353    -1
 1150   538   251   191    -1
 1150  1286   132    20    -1
 1150   992   357   154    -1
 1150  1121   145   270    -1
 1150  1035   235   110    -1
 1150  1295   389   216    -1
 1150  1019   375   314    -1
 1150   255    87    37    -1
 1150   774   119   120    -1
 1150   454   259   180    -1
 1150  1091   102   275    -1
 1150  1200    61   215    -1
 1150   820   215    84    -1
 1150  1198   349    91    -1
 1150   904   152   240    -1
 1150  1290    11   229    -1
 1150  1197    35   296    -1
 1150  1116   257    84    -1
 1150  1250   229   347    -1
 1150  1278   371     7    -1
 1150   634    94   320    -1
 1150   269   200   230    -1
 1150   378   334   194    -1
 1150   580   191   304    -1
 1150  1104   318   292    -1
 1150   972   211    86    -1
 1150   582   156   128    -1
 1150  1205    86   205    -1
 1150  1150   281    84    -1
 1150  1141   348     7    -1
 1150  1223   255   324    -1
 1150   911   253   293    -1
 1150  1210   358   225    -1
 1150  1251   387   247    -1
 1380  1321   239   364    -1
 1380   924   116   296    -1
 1380   784   296   204    -1
 1380  1426   341   103    -1
 1380  1362   132     5    -1
 1380  1468   171   357    -1
 1380  1027   166   152    -1
 1380  1495   115    10    -1
 1380   293   113    57    -1
 1380   400   145   284    -1
 1380   660   301   199    -1
 1380  1291   105   117    -1
 1380   948   233   175    -1
 1380   640   301   231    -1
 1380  1296   151   269    -1
 1380  1253   214   298    -1
 1380  1008   163   306    -1
 1380  1226    78   229    -1
 1380   695   271   325    -1
 1380   773   114   281    -1
 1380  1313   291   240    -1
 1380  1405   102   231    -1
 1380  1086   138   306    -1
 1380  1389   304   305    -1
 1380  1384   295    75    -1
 1380   885   192   359    -1
 1380  1498   388   200    -1
 1380  1457   358    24    -1
 1380  1472   374   234    -1
 1380  1340   268   220    -1
 1380  1505   183     8    -1
 1380  1111   179   267    -1
 1380   797    24   140    -1
 1380   514    90   276    -1
 1380  1436    90     8    -1
 1380  1117   318   221    -1
 1380  1233   176   324    -1
 1380  1183   164   361    -1
 1380  1396   365   344    -1
 1380  1465    41    30    -1
 1380  1348   186   264    -1
 1380   332   362   213    -1
 1380  1162   328   213    -1
 1380  1257   302   307    -1
 1380  1188   235   223    -1
 1380  1381   308    69    -1
 1380  1425   325   337    -1
 1380  1447    58   388    -1
 1380  1496   388   389    -1
 1380  1343   331   177    -1
 1380  1446    83   362    -1
 1380  1414   335   311    -1
 1380  1493    51    16    -1
 1380  1221   169   336    -1
 1380  1441    25   378    -1
 1380  1376   280   271    -1
 1380   662   263    32    -1
 1380   980   289   173    -1
 1380  1499    11   323    -1
 1380   703   172   161    -1
 1380  1369   200   306    -1
 1380   877   339   248    -1
 1380   558    62   320    -1
 1380  1476   357   136    -1
 1380  1097    55    59    -1
 1380   967   229   355    -1
 1380  1178   313   208    -1
 1380   957   322   221    -1
 1380  1144    34   297    -1
 1380    62   250   306    -1
 1380   905   116   108    -1
 1380  1502    58   389    -1
 1380   798   213   317    -1
 1380  1227   188    35    -1
 1380  1450   341    54    -1
 1380  1488    64   389    -1
 1380  1322   114   263    -1
 1380   849   206   273    -1
 1380  1157   278   278    -1
 1380  1480   331   359    -1
 1380  1050   343   125    -1
 1380  1232   325   179    -1
 1380  1207   293     5    -1
 1380    77   328   206    -1
 1380  1208   101   305    -1
 1380   860   163   247    -1
 1380   576   297   309    -1
 1380  1449   153   347    -1
 1380   960    86   181    -1
 1380  1484   285   368    -1
 1380   893   266   275    -1
 1380  1439    44    37    -1
 1380  1411    85   192    -1
 1380  1261   236   327    -1
 1380  1194   319   211    -1
 1380   837   230   183    -1
 1380  1164   211   149    -1
 1380  1152   115    72    -1
 1380  1000   317    67    -1
 1380  1432    71   123    -1
 1380  1042   211   229    -1
 1380  1379   346   180    -1
 1380  1486    19    75    -1
 1380  1430    84   329    -1
 1380    96    38   229    -1
 1380  1318   126   160    -1
 1380   990   279   378    -1
 1380  1406   235   310    -1
 1380  1320   255   291    -1
 1380   986    35   228    -1
 1380  1474    55   357    -1
 1380  1238   341   138    -1
 1380  1132   176   140    -1
 1380  1256   237   258    -1
 1380   633   231   136    -1
 1380  1001   283   102    -1
 1380  1421   307   342    -1
 1380   799    66   178    -1
 1380  1504   278   393    -1
 1380  1463    33   233    -1
 1380   604    64   124    -1
 1380  1471   387    36    -1
 1380  1336   288   367    -1
 1380  1500    11   141    -1
 1380  1059   284   254    -1
 1380  1315   340   255    -1
 1380  1239    43   185    -1
 1380  1419   275     9    -1
 1380  1417    60   310    -1
 1380   914    76   174    -1
 1380  1319   239   218    -1
 1380   982    85   358    -1
 1380  1483    21   377    -1
 1380  1437    72   255    -1
 1380  1413    79   143    -1
 1380  1364   359   291    -1
 1380  1501   279    11    -1
 1380  1160   168   158    -1
 1380  1443   368   284    -1
 1380   627   335   277    -1
 1380  1057   307    35    -1
 1380   136   105    72    -1
 1380  1332   111   270    -1
 1380   935   205   277    -1
 1380  1155   250   354    -1
 1380   577    66   253    -1
 1380   896   188   203    -1
 1380  1214   296   306    -1
 1380  1351    17   375    -1
 1380  1454    44   316    -1
 1380  1458   186   354    -1
 1380  1470   286   367    -1
 1380  1370   285   361    -1
 1380  1438   321    29    -1
 1380  1254   197   160    -1
 1380  1367    26   109    -1
 1380  1171   141   145    -1
 1380  1051   147   361    -1
 1380  1338   209   134    -1
 1380  1044   215   212    -1
 1380  1093     8   118    -1
 1380  1402    22    94    -1
 1380  1420   326   257    -1
 1380  1459   371    25    -1
 1380  1267   354   215    -1
 1380  1109    87   333    -1
 1380   694   163   157    -1
 1380  1165    62   291    -1
 1380   162   293   319    -1
 1380  1506   188   393    -1
 1380  1462   315    38    -1
 1380   579   184   167    -1
 1380  1453   348   168    -1
 1380  1158   288   236    -1
 1380  1360   101   312    -1
 1380  1491    18    43    -1
 1380  1095    16   168    -1
 1380   807   113   123    -1
 1380   770   350   186    -1
 1380  1487    18   348    -1
 1380   687   334   122    -1
 1380  1400    27   145    -1
 1380  1422   225    22    -1
 1380  1455   375    43    -1
 1380  1492    16    36    -1
 1380   178   222   230    -1
 1380  1456   259    52    -1
 1380  1431   382   338    -1
 1380  1031    97    40    -1
 1380  1146    52   358    -1
 1380  1368   132   219    -1
 1380  1304   304   241    -1
 1380   752   156   110    -1
 1380  1445   339   190    -1
 1380  1409    90   119    -1
 1380  1282   274   305    -1
 1380   968   332   266    -1
 1380  1301   255    70    -1
 1380  1247   124   145    -1
 1380  1366    12   341    -1
 1380  1382   113   156    -1
 1380  1347    42    14    -1
 1380   518   191   214    -1
 1380  1327    85   339    -1
 1380   932   359   175    -1
 1380  1125   280   305    -1
 1380  1173   124   370    -1
 1380   203   243   271    -1
 1380  1311    75   135    -1
 1380  1276   150   296    -1
 1380  1213   162   347    -1
 1380  1460    49    29    -1
 1380  1448   344    34    -1
 1380  1464   104    47    -1
 1380  1418   158    50    -1
 1380  1435    28   389    -1
 1380   213    82   242    -1
 1380  1234   329   269    -1
 1380   782    96   336    -1
 1380   216    43   187    -1
 1380   217    49    63    -1
 1380  1123   221    64    -1
 1380  1383   279   324    -1
 1380  1481   287   373    -1
 1380  1325   253    46    -1
 1380  1477    26   151    -1
 1380  1196   315   280    -1
 1380  1305    53    19    -1
 1380  1120    60    74    -1
 1380   225    73   309    -1
 1380  1444    21   358    -1
 1380  1265   124   215    -1
 1380  1433   134   330    -1
 1380  1386   291   308    -1
 1380   621   274   218    -1
 1380  1485   309    26    -1
 1380  1442   339    94    -1
 1380  1126   264   174    -1
 1380  1385   240   283    -1
 1380   933    55   193    -1
 1380   795   300   259    -1
 1380   649   184   177    -1
 1380   863   210   286    -1
 1380  1371   392   190    -1
 1380  1354   164   358    -1
 1380   847   153   344    -1
 1380  1287   334   245    -1
 1380   753   290    61    -1
 1380   321   190   188    -1
 1380  1349   266    94    -1
 1380  1022    97   152    -1
 1380   769   104   338    -1
 1380   918   220   283    -1
 1380  1324   293   154    -1
 1380   538   188    53    -1
 1380  1355   141   162    -1
 1380  1350    49   379    -1
 1380  1497   352   387    -1
 1380  1377   159    60    -1
 1380   992   323    24    -1
 1380  1121    92   222    -1
 1380  1035   300   173    -1
 1380  1295   306   122    -1
 1380  1489   213     6    -1
 1380  1427    68    64    -1
 1380  1423   353   113    -1
 1380  1482   198   375    -1
 1380  1407    80    43    -1
 1380   454   159   323    -1
 1380  1091    53   165    -1
 1380  1200    43   225    -1
 1380   820   168   187    -1
 1380  1198   346   162    -1
 1380  1494     6   206    -1
 1380   904    80   373    -1
 1380  1507   392   298    -1
 1380  1309   287    88    -1
 1380  1479    40   322    -1
 1380  1116   182    92    -1
 1380  1250   176   295    -1
 1380   634   283   374    -1
 1380   378   247   317    -1
 1380  1490   233   391    -1
 1380  1461   317     7    -1
 1380   972    99   210    -1
 1380   582   172   110    -1
 1380  1205   107   314    -1
 1380  1452   350   100    -1
 1380  1150   248   178    -1
 1380   911   166   288    -1
 1380  1475   370   117    -1
 1380  1352   120   345    -1
 1380  1467   350   291    -1
 1610  1321   383   259    -1
 1610   784   393   342    -1
 1610  1679   384   371    -1
 1610  1637   215   345    -1
 1610  1027   161   314    -1
 1610  1680   189    26    -1
 1610   400   159   151    -1
 1610   660   281   178    -1
 1610  1291   230   116    -1
 1610   948   258   332    -1
 1610  1296   233   233    -1
 1610  1253    63   179    -1
 1610  1610   337    13    -1
 1610  1608   155   344    -1
 1610  1226   186   363    -1
 1610   695   201   225    -1
 1610   773   164   309    -1
 1610  1313   218   300    -1
 1610  1405   185   118    -1
 1610  1699   389   212    -1
 1610  1389   189   239    -1
 1610  1384   280    76    -1
 1610  1661   368    23    -1
 1610  1559   340   318    -1
 1610  1472   239   240    -1
 1610  1340   273   200    -1
 1610  1553   145   146    -1
 1610  1505   218   189    -1
 1610  1111   105   179    -1
 1610   797   152   119    -1
 1610   514   102   131    -1
 1610  1620   191   322    -1
 1610  1117   203   187    -1
 1610  1233     7   367    -1
 1610  1560   116   277    -1
 1610  1571   319   125    -1
 1610  1587   140   377    -1
 1610  1348   247   260    -1
 1610  1566    79   275    -1
 1610  1698     7   303    -1
 1610  1257   380   161    -1
 1610  1188   334   262    -1
 1610  1447   141   246    -1
 1610  1688   376   379    -1
 1610  1343   304   332    -1
 1610  1446   196   305    -1
 1610  1625    72   331    -1
 1610  1697   380   388    -1
 1610  1601   108    33    -1
 1610  1441    49   260    -1
 1610  1376   386   284    -1
 1610  1622   309   364    -1
 1610   980   359   223    -1
 1610  1499   108   371    -1
 1610   703    52   271    -1
 1610  1369   178   348    -1
 1610   877   332   128    -1
 1610   558   155   243    -1
 1610  1476   392   153    -1
 1610  1596   183    81    -1
 1610  1687   205    21    -1
 1610  1653    50   270    -1
 1610   957   303   129    -1
 1610  1144   123   214    -1
 1610  1568   100   166    -1
 1610  1633   195    62    -1
 1610  1683    18   322    -1
 1610   798   267   279    -1
 1610  1676   197   369    -1
 1610  1640    32   125    -1
 1610  1554   146    66    -1
 1610  1616   169    50    -1
 1610  1322    39   346    -1
 1610   849   185   276    -1
 1610  1604   367   320    -1
 1610  1157   336   153    -1
 1610  1668   296    25    -1
 1610  1050   379   288    -1
 1610  1702     8   237    -1
 1610  1548   267   308    -1
 1610    77   256   178    -1
 1610  1635   372   384    -1
 1610   860   239    94    -1
 1610  1682    17   372    -1
 1610  1449    67   200    -1
 1610  1602   365    46    -1
 1610  1685    24   311    -1
 1610  1672   155   359    -1
 1610  1411    10    54    -1
 1610  1261   344   335    -1
 1610  1649   350   108    -1
 1610   837   199   235    -1
 1610  1164   127    24    -1
 1610  1152    43   151    -1
 1610  1662   242   377    -1
 1610  1432   215    40    -1
 1610  1042   333   117    -1
 1610  1658    35   175    -1
 1610  1582   286    27    -1
 1610  1618   150   348    -1
 1610  1516   318   158    -1
 1610  1678   370   300    -1
 1610  1318   168   343    -1
 1610  1592   296    47    -1
 1610  1406   101   384    -1
 1610  1320   383   233    -1
 1610  1567   347   135    -1
 1610  1701   351     9    -1
 1610  1238   229   185    -1
 1610  1546   164   368    -1
 1610  1256   184   316    -1
 1610   633   334   143    -1
 1610  1686    20   161    -1
 1610  1421   255   260    -1
 1610   799   166    54    -1
 1610  1463   148   340    -1
 1610  1534   277   369    -1
 1610  1634   391   217    -1
 1610  1574    68    61    -1
 1610  1522    89   148    -1
 1610  1612   312   155    -1
 1610  1663    35   307    -1
 1610  1315   290   318    -1
 1610  1690   219   378    -1
 1610  1645    43   294    -1
 1610  1577   345   112    -1
 1610  1643   102    57    -1
 1610  1629   336   264    -1
 1610   914   232   194    -1
 1610  1319    57   278    -1
 1610  1630    94    66    -1
 1610  1638   347    55    -1
 1610  1611    49   361    -1
 1610  1437   244   202    -1
 1610  1413   193   258    -1
 1610  1578    98   226    -1
 1610  1539   104    12    -1
 1610  1160   283   127    -1
 1610  1670   364   282    -1
 1610   627   321   250    -1
 1610  1332   101   356    -1
 1610   935   168   335    -1
 1610  1675   311    14    -1
 1610  1600   294   322    -1
 1610   896   157   385    -1
 1610  1214   209   197    -1
 1610  1654   286   352    -1
 1610  1703   292   393    -1
 1610  1583   341    71    -1
 1610  1438   370   178    -1
 1610  1254   229   194    -1
 1610  1561   373   235    -1
 1610  1171   184   222    -1
 1610  1051   276   295    -1
 1610  1338    49    79    -1
 1610  1044   228   157    -1
 1610  1542   229   121    -1
 1610  1402    51   236    -1
 1610  1420   124   213    -1
 1610  1639    63   135    -1
 1610  1267   293   272    -1
 1610  1109   212   271    -1
 1610   694    55   173    -1
 1610   162   299   162    -1
 1610  1531   213    22    -1
 1610  1619   180    52    -1
 1610  1666    39    88    -1
 1610  1462   241   204    -1
 1610   579    22   134    -1
 1610  1665    37    64    -1
 1610  1158   338   289    -1
 1610  1360   102   343    -1
 1610  1491   164   131    -1
 1610  1700    10    60    -1
 1610   807   139   289    -1
 1610   770   290   134    -1
 1610  1562   389   214    -1
 1610  1590   168   376    -1
 1610  1644   305   344    -1
 1610  1492    91    86    -1
 1610   178    63   210    -1
 1610  1536   350   157    -1
 1610  1533   117    52    -1
 1610  1031    13    58    -1
 1610  1704   325     6    -1
 1610  1146   120   275    -1
 1610  1368   121   310    -1
 1610  1304   357   168    -1
 1610   752   290    57    -1
 1610  1445   310    15    -1
 1610  1409   231    34    -1
 1610   968   358   366    -1
 1610  1301   237    88    -1
 1610  1247   304    82    -1
 1610  1613   116   333    -1
 1610  1382   123   224    -1
 1610  1551    76   340    -1
 1610   518   202    36    -1
 1610  1508   301   111    -1
 1610   932   377    17    -1
 1610  1125   161   257    -1
 1610  1565    15   108    -1
 1610   203    58   284    -1
 1610  1311   218   199    -1
 1610  1276   283   211    -1
 1610  1523   233   320    -1
 1610  1669   233    23    -1
 1610  1646    60   337    -1
 1610  1460   146    84    -1
 1610  1448   312   115    -1
 1610  1674   230   381    -1
 1610  1650    39    33    -1
 1610   213   144   344    -1
 1610  1234   336   153    -1
 1610   782    68   267    -1
 1610  1575   384    50    -1
 1610  1692   383   391    -1
 1610  1123   220    55    -1
 1610  1383   222   272    -1
 1610  1325   283   179    -1
 1610  1477    37    30    -1
 1610  1196   270   250    -1
 1610  1585   387   114    -1
 1610  1605   338   148    -1
 1610   225   125   181    -1
 1610  1696   388   246    -1
 1610  1265   237   282    -1
 1610  1433   146   148    -1
 1610  1535   375   127    -1
 1610  1386   311   178    -1
 1610   621   309   136    -1
 1610  1651   228   346    -1
 1610  1626   307   340    -1
 1610  1126   299    73    -1
 1610   795   286   170    -1
 1610   649   191    87    -1
 1610   863   118   182    -1
 1610  1642   352   199    -1
 1610  1354   341   326    -1
 1610   847   126   361    -1
 1610  1648    61   336    -1
 1610   753   359    63    -1
 1610  1541   222   375    -1
 1610   321   262   151    -1
 1610  1349   237   240    -1
 1610  1022   113    10    -1
 1610  1607   134    66    -1
 1610   918   245   222    -1
 1610  1324   302   165    -1
 1610  1693   318    17    -1
 1610  1355   142   167    -1
 1610  1543   191   357    -1
 1610  1579   308   314    -1
 1610  1684    68    19    -1
 1610  1659   353    47    -1
 1610  1121   171   318    -1
 1610  1035   320   370    -1
 1610  1681   357   374    -1
 1610  1427   152    77    -1
 1610  1423   370   264    -1
 1610  1482   215   260    -1
 1610  1628   343   109    -1
 1610  1636   144   340    -1
 1610  1664   374   100    -1
 1610  1615   347    88    -1
 1610   820   116   134    -1
 1610  1586   106   108    -1
 1610  1580    70    31    -1
 1610  1624    53   306    -1
 1610  1309   266    97    -1
 1610  1530   110    42    -1
 1610  1116   141   257    -1
 1610  1250   274   227    -1
 1610  1550    89   291    -1
 1610  1694   235    15    -1
 1610  1540   114   219    -1
 1610  1657   310   349    -1
 1610  1691    17   314    -1
 1610   972   101   269    -1
 1610   582   136   154    -1
 1610  1689   121    16    -1
 1610  1695   289   387    -1
 1610  1150   155   245    -1
 1610  1647    50   292    -1
 1610  1547   126   250    -1
 1610   911   143   214    -1
 1610  1588    35    34    -1
 1610  1467   243   295    -1
 1840  1807   303   231    -1
 1840  1717    76   154    -1
 1840  1719   354   365    -1
 1840  1777    81   381    -1
 1840  1637   259   265    -1
 1840  1027   113   311    -1
 1840  1755   330   290    -1
 1840  1859   181   349    -1
 1840   400    90     7    -1
 1840   660   236   260    -1
 1840  1291   177   185    -1
 1840  1296   253   111    -1
 1840  1798   312   174    -1
 1840  1860   355   336    -1
 1840  1790   148   101    -1
 1840   695   137   364    -1
 1840  1818   286   317    -1
 1840  1699   310   149    -1
 1840  1389   162   387    -1
 1840  1384   309   215    -1
 1840  1872   378    62    -1
 1840  1813   193   349    -1
 1840  1559   241   329    -1
 1840  1340   354    98    -1
 1840  1553   300    51    -1
 1840  1505   350   222    -1
 1840  1111   206   107    -1
 1840  1894   127   377    -1
 1840  1909     8   106    -1
 1840  1620   310   267    -1
 1840  1117   216   368    -1
 1840  1233   196   372    -1
 1840  1714   307   345    -1
 1840  1560   176   201    -1
 1840  1787   167   286    -1
 1840  1348   232   329    -1
 1840  1864   355   323    -1
 1840  1824    90   233    -1
 1840  1887   376   269    -1
 1840  1851   343   305    -1
 1840  1831    71   156    -1
 1840  1447    85   331    -1
 1840  1688   222   388    -1
 1840  1891   200    19    -1
 1840  1446    51   248    -1
 1840  1769    81   303    -1
 1840  1601   169    12    -1
 1840  1441   106   130    -1
 1840  1740    98   209    -1
 1840  1847    60   326    -1
 1840  1814    90   214    -1
 1840  1742   175   279    -1
 1840  1873    50   355    -1
 1840  1868    48   113    -1
 1840   558   178   241    -1
 1840  1753    96   162    -1
 1840  1596   232    51    -1
 1840  1687   183   210    -1
 1840  1653    92   254    -1
 1840  1904     7   184    -1
 1840  1568   255   239    -1
 1840  1731   109   273    -1
 1840  1683   173   238    -1
 1840   798   103   299    -1
 1840  1676   267   256    -1
 1840  1767    78    85    -1
 1840  1554   301    94    -1
 1840  1616   132   211    -1
 1840   849    70   236    -1
 1840  1718   172   354    -1
 1840  1861    26   171    -1
 1840  1157   343    36    -1
 1840  1760   109   351    -1
 1840  1702   114   216    -1
 1840  1548   110   352    -1
 1840    77   378   188    -1
 1840  1895   394   355    -1
 1840   860   294   198    -1
 1840  1902   392   311    -1
 1840  1799    79   103    -1
 1840  1672   111   366    -1
 1840  1910     6    80    -1
 1840  1852   278   353    -1
 1840  1649   211    20    -1
 1840   837   108   203    -1
 1840  1152   165   212    -1
 1840  1432   274   133    -1
 1840  1042   317   188    -1
 1840  1658   186    98    -1
 1840  1582   358   153    -1
 1840  1516   245   117    -1
 1840  1678   267   371    -1
 1840  1796   197    93    -1
 1840  1827   374    64    -1
 1840  1406   261   279    -1
 1840  1744    92   301    -1
 1840  1567   213    58    -1
 1840  1701   233    75    -1
 1840  1238   289   282    -1
 1840  1546   224   316    -1
 1840  1715   272   256    -1
 1840  1256   350   328    -1
 1840   633   360   265    -1
 1840  1686   160   250    -1
 1840  1421   340   159    -1
 1840  1741    18    28    -1
 1840  1820   234    82    -1
 1840  1534   234   213    -1
 1840  1819   336    93    -1
 1840  1905     6   328    -1
 1840  1746   247   274    -1
 1840  1612   234    74    -1
 1840  1795    67   333    -1
 1840  1315   344   238    -1
 1840  1690   269   235    -1
 1840  1577   374   147    -1
 1840  1808   167   311    -1
 1840  1901    11   365    -1
 1840  1858   140   353    -1
 1840  1638   252   153    -1
 1840  1437   254   322    -1
 1840  1413   165   112    -1
 1840  1578   197   160    -1
 1840  1160   381     9    -1
 1840  1866   334    51    -1
 1840   627   347   275    -1
 1840  1773   151   363    -1
 1840  1758    95   239    -1
 1840  1881    77    36    -1
 1840  1833   190    47    -1
 1840  1793    99   340    -1
 1840  1214   312    50    -1
 1840  1728   358    64    -1
 1840  1745   173   125    -1
 1840  1654   352   213    -1
 1840  1703   231   272    -1
 1840  1583   328   211    -1
 1840  1771    49   170    -1
 1840  1254   257   125    -1
 1840  1561   332   204    -1
 1840  1171    75   181    -1
 1840  1051   266   316    -1
 1840  1834    38    82    -1
 1840  1044   219   100    -1
 1840  1892   139   376    -1
 1840  1402    42   297    -1
 1840  1420    29   103    -1
 1840  1639    45    87    -1
 1840  1267   358   331    -1
 1840  1772   355   132    -1
 1840  1109   246   346    -1
 1840   694   159   323    -1
 1840  1705   298   259    -1
 1840   162   343   287    -1
 1840  1782   208    85    -1
 1840  1666    85   186    -1
 1840  1462   326   321    -1
 1840  1821   316   187    -1
 1840  1848   119   350    -1
 1840  1491   270   140    -1
 1840  1700   101   239    -1
 1840   807     8   365    -1
 1840  1723   202   107    -1
 1840  1867   146    45    -1
 1840  1739    45   153    -1
 1840  1766   144    18    -1
 1840  1906     9   334    -1
 1840  1492   257    76    -1
 1840  1733   301   261    -1
 1840  1803    82   180    -1
 1840  1749   142    84    -1
 1840  1882   370    14    -1
 1840  1844    79   333    -1
 1840  1763   280   110    -1
 1840  1146    88   175    -1
 1840  1368    91   317    -1
 1840  1794    94    83    -1
 1840  1876    39    35    -1
 1840  1776   342   308    -1
 1840  1409   286   172    -1
 1840  1725   297   355    -1
 1840  1888    81    22    -1
 1840  1301   301    46    -1
 1840  1613   165   194    -1
 1840  1382   104   215    -1
 1840  1551   271   320    -1
 1840   518   183    84    -1
 1840  1786   284   283    -1
 1840  1896   357   383    -1
 1840  1125   232   115    -1
 1840  1801    70    15    -1
 1840  1751   299   107    -1
 1840   203   120   341    -1
 1840  1311   143   163    -1
 1840  1880    37   221    -1
 1840  1835   277    83    -1
 1840  1669   236   187    -1
 1840  1646   145   367    -1
 1840  1460    62    30    -1
 1840  1747    88   385    -1
 1840  1448   168   187    -1
 1840  1708   274   230    -1
 1840  1877   358    54    -1
 1840  1836   187    84    -1
 1840  1829    28   274    -1
 1840  1878   370   380    -1
 1840  1899    11   368    -1
 1840  1883   161    32    -1
 1840  1383   167   241    -1
 1840  1783    84   303    -1
 1840  1325   359   188    -1
 1840  1907   317     7    -1
 1840  1196   299   325    -1
 1840   225   247   104    -1
 1840  1806    16   353    -1
 1840  1900   285    12    -1
 1840  1853    57    85    -1
 1840  1386   165   297    -1
 1840   621   279   136    -1
 1840  1720    95    30    -1
 1840  1651   342   224    -1
 1840  1626   352   358    -1
 1840  1721    68   236    -1
 1840  1712   286    59    -1
 1840   649   346   186    -1
 1840   863    73   264    -1
 1840  1642   192   116    -1
 1840  1648   238   291    -1
 1840   753   266   180    -1
 1840  1541   217   393    -1
 1840   321   377   112    -1
 1840  1349   276   386    -1
 1840  1863   148   351    -1
 1840   918    61   270    -1
 1840  1324   133   190    -1
 1840  1893    12    38    -1
 1840  1355   196    64    -1
 1840  1897   356   380    -1
 1840  1875    33   197    -1
 1840  1789    68   393    -1
 1840  1826   167    86    -1
 1840  1659   214   108    -1
 1840  1121   263   223    -1
 1840  1775   355    22    -1
 1840  1854   298    48    -1
 1840  1890    21   165    -1
 1840  1908   392   146    -1
 1840  1482   321   386    -1
 1840  1628   266   162    -1
 1840  1911   154   394    -1
 1840  1804   311   167    -1
 1840  1903   217   393    -1
 1840  1885   368   131    -1
 1840  1586    98    17    -1
 1840  1849    65   103    -1
 1840  1759   168   321    -1
 1840  1624   160   204    -1
 1840  1309   111   164    -1
 1840  1530   142   108    -1
 1840  1757   318   383    -1
 1840  1116   267   142    -1
 1840  1250   259   252    -1
 1840  1550    31   307    -1
 1840  1694   231   118    -1
 1840  1540   257   204    -1
 1840  1657   346   378    -1
 1840  1761   224   373    -1
 1840  1691   156   365    -1
 1840   582    27    31    -1
 1840  1689   121   169    -1
 1840  1695   246   261    -1
 1840  1150   123   373    -1
 1840  1547   145   324    -1
 1840   911   241   223    -1
 1840  1912   193     5    -1
 1840  1870   349   338    -1
 1840  1467   112   368    -1
