    0     0    82   356    -1
    0     1    76   377    -1
    0     2   195   246    -1
    0     3   311   207    -1
    0     4   112    67    -1
    0     5    23   301    -1
    0     6   175    56    -1
    0     7   361   102    -1
    0     8   163   112    -1
    0     9   255   234    -1
    0    10   242    99    -1
    0    11   108    96    -1
    0    12   127    48    -1
    0   270   394    68    -1
    0    13   285   318    -1
    0    14    96   328    -1
    0    15   357   380    -1
    0    16   332   219    -1
    0    17   315   194    -1
    0    18    34    95    -1
    0    19   333   227    -1
    0    20   257   332    -1
    0    21   380   376    -1
    0    22   337    28    -1
    0    23   220   326    -1
    0    24     9    66    -1
    0    25   143    92    -1
    0    26   326   137    -1
    0    27   260   197    -1
    0    28   234   386    -1
    0    29   388    35    -1
    0    30   345   135    -1
    0    31    32   150    -1
    0   271   203   394    -1
    0    32   353    35    -1
    0    33   191   349    -1
    0    34   205   177    -1
    0    35   230   163    -1
    0    36    10    67    -1
    0    37   179   287    -1
    0    38   127   140    -1
    0    39   377   393    -1
    0    40   161   367    -1
    0    41   128    22    -1
    0    42   211   268    -1
    0    43   313   309    -1
    0    44   288   284    -1
    0    45   145    24    -1
    0    46    89    82    -1
    0    47   143   331    -1
    0    48    14   179    -1
    0    49   333    99    -1
    0    50    14    89    -1
    0    51    23   329    -1
    0    52    60    71    -1
    0    53   333   330    -1
    0    54   238   376    -1
    0    55   231   116    -1
    0    56   338   267    -1
    0    57   235   189    -1
    0    58   263    90    -1
    0    59   143   366    -1
    0    60   183   164    -1
    0    61   255   212    -1
    0   272   394   321    -1
    0    62   197    76    -1
    0    63   245   305    -1
    0    64    79   169    -1
    0    65   166   122    -1
    0    66   143   190    -1
    0    67   217   101    -1
    0    68    45   116    -1
    0    69    46   122    -1
    0    70   275   243    -1
    0    71   221   260    -1
    0    72   295   248    -1
    0    73   237   245    -1
    0    74   139   317    -1
    0    75   245   118    -1
    0    76    93    18    -1
    0    77    59    13    -1
    0    78   105   136    -1
    0    79   238   317    -1
    0    80   252    54    -1
    0    81   366   297    -1
    0    82   198   260    -1
    0    83   204    58    -1
    0    84   314    63    -1
    0    85    38   383    -1
    0    86   374   305    -1
    0    87   309    47    -1
    0    88   332    70    -1
    0    89    52   159    -1
    0    90    55   301    -1
    0    91   235   313    -1
    0   273   241   394    -1
    0    92   149   199    -1
    0    93   132   302    -1
    0    94   115   327    -1
    0    95    25    88    -1
    0    96   174    40    -1
    0    97    73   345    -1
    0    98   146    80    -1
    0    99   347   232    -1
    0   100   255   364    -1
    0   101   291   100    -1
    0   102   288   329    -1
    0   103    69   256    -1
    0   104   385    96    -1
    0   105   111   168    -1
    0   106   236   365    -1
    0   107   265   188    -1
    0   108   118   137    -1
    0   109   316    62    -1
    0   110    47    77    -1
    0   111   270   144    -1
    0   112    74   128    -1
    0   113    21   173    -1
    0   114   332   176    -1
    0   115   106    20    -1
    0   116     8   353    -1
    0   117   290   340    -1
    0   118    45   142    -1
    0   119   376   172    -1
    0   274   381   394    -1
    0   120   235   135    -1
    0   121   146   139    -1
    0   122    17   209    -1
    0   123    32   114    -1
    0   124   188   108    -1
    0   125   293    45    -1
    0   126   364   175    -1
    0   127   322   294    -1
    0   128   264   314    -1
    0   129   332   184    -1
    0   130   193    30    -1
    0   131   144   362    -1
    0   132    82   304    -1
    0   133   329    72    -1
    0   134   311   266    -1
    0   135   308   346    -1
    0   136   149    82    -1
    0   137   143   263    -1
    0   138    96   351    -1
    0   139   112   312    -1
    0   140   124   202    -1
    0   141   358   193    -1
    0   142   252   132    -1
    0   143   185    14    -1
    0   144   208   179    -1
    0   145   115    60    -1
    0   146   132   113    -1
    0   147   142   331    -1
    0   148   368   375    -1
    0   149   166   368    -1
    0   150    41   308    -1
    0   151   236   205    -1
    0   152   309   342    -1
    0   153   340   134    -1
    0   154   150   240    -1
    0   156   237   175    -1
    0   157   257   393    -1
    0   158   328   266    -1
    0   159   151   370    -1
    0   160   201   273    -1
    0   161   365    13    -1
    0   162   112    64    -1
    0   163     8   133    -1
    0   164   376    94    -1
    0   165    35   388    -1
    0   166   198   188    -1
    0   167   280   333    -1
    0   168    83    74    -1
    0   169   167   346    -1
    0   170   382    68    -1
    0   171   279   177    -1
    0   172   359   112    -1
    0   173   357    59    -1
    0   174   106    93    -1
    0   175   378    21    -1
    0   176   131   276    -1
    0   177    59   232    -1
    0   178   246   134    -1
    0   179   343   179    -1
    0   180   296   101    -1
    0   181   203   254    -1
    0   182   308    55    -1
    0   183    27   315    -1
    0   184    10   161    -1
    0   185    69   344    -1
    0   186   302    92    -1
    0   187   237   197    -1
    0   188    26   138    -1
    0   189   305    42    -1
    0   190    89   137    -1
    0   191   154   259    -1
    0   192   210   317    -1
    0   193   267   157    -1
    0   194    39   168    -1
    0   195   340   206    -1
    0   196   322   300    -1
    0   197   212   295    -1
    0   198   388   390    -1
    0   199    96   373    -1
    0   200   186    76    -1
    0   201   160   235    -1
    0   202   365   370    -1
    0   203   224   330    -1
    0   204   213    28    -1
    0   205   173   285    -1
    0   206   309   275    -1
    0   207   291    71    -1
    0   208   313   384    -1
    0   209    75   339    -1
    0   210   115   362    -1
    0   211    78   144    -1
    0   212    55   330    -1
    0   213    72   139    -1
    0   214   142   102    -1
    0   215    82   305    -1
    0   216   234   315    -1
    0   217    53   218    -1
    0   218    21    28    -1
    0   219   170   238    -1
    0   220   291   229    -1
    0   221    20   148    -1
    0   222   299   391    -1
    0   223   372   197    -1
    0   224   385    95    -1
    0   225   248   310    -1
    0   226   123    78    -1
    0   227    62   222    -1
    0   228   258   194    -1
    0   229   285   122    -1
    0   230   143    43    -1
    0   231    79   193    -1
    0   232   337   189    -1
    0   233   361   384    -1
    0   234   315   317    -1
    0   235   168    24    -1
    0   236   381    66    -1
    0   275   394   321    -1
    0   237   378   254    -1
    0   238   137   284    -1
    0   239   182   300    -1
    0   240   391    12    -1
    0   241    58   171    -1
    0   242   166    62    -1
    0   243     5   256    -1
    0   244    88   285    -1
    0   245   164   368    -1
    0   246   113   217    -1
    0   247   108   389    -1
    0   248   105   275    -1
    0   249   137   277    -1
    0   250   251   315    -1
    0   251   252   181    -1
    0   252   179    54    -1
    0   253    37    52    -1
    0   254   381   271    -1
    0   255   372   248    -1
    0   256   323    16    -1
    0   257   143    44    -1
    0   258   102   274    -1
    0   259   126   203    -1
    0   260   111   161    -1
    0   261   149   234    -1
    0   262    46    11    -1
    0   263   374   142    -1
    0   264   330   303    -1
    0   265   261   339    -1
    0   266   188   376    -1
    0   267   102   197    -1
    0   268   340   217    -1
    0   269    89   128    -1
  230     0   157   252    -1
  230   451   137   378    -1
  230     2    36   223    -1
  230     3   376   177    -1
  230     4    37   109    -1
  230     5   177   195    -1
  230     7   348   108    -1
  230   449   157   374    -1
  230   473    16   202    -1
  230    10    77    70    -1
  230    11    71    89    -1
  230   409   383   315    -1
  230   270   292    10    -1
  230   482   389    19    -1
  230   313   358   106    -1
  230   487   381   360    -1
  230   463   274    12    -1
  230   466   379   339    -1
  230   326   357    23    -1
  230   316    28   182    -1
  230    16   307   302    -1
  230    17   273    91    -1
  230   281   101    37    -1
  230   483   388   111    -1
  230    19   330   312    -1
  230   464   383    33    -1
  230    22   266   126    -1
  230   302   140    53    -1
  230   421   306   368    -1
  230    25    12    94    -1
  230   370   329   122    -1
  230    27   191   268    -1
  230   314   280   137    -1
  230    30   237   172    -1
  230    31   147   142    -1
  230   271    18   385    -1
  230   433    79   347    -1
  230   372    87   331    -1
  230    34    46   161    -1
  230   410   295   324    -1
  230    35    49   198    -1
  230   290   352   381    -1
  230   402   320   352    -1
  230    37   177   249    -1
  230    40   197   194    -1
  230    42   168   390    -1
  230   445   263   361    -1
  230   416   303   329    -1
  230    44   115   219    -1
  230    45   252    63    -1
  230   479    20    59    -1
  230    47   336   338    -1
  230    48    99   312    -1
  230    49   289   217    -1
  230   478   331   387    -1
  230    52   188    41    -1
  230   345   261   279    -1
  230    55   292    50    -1
  230   293   270   118    -1
  230    57   267   217    -1
  230    58   304   278    -1
  230   322    78    73    -1
  230   455   290   364    -1
  230    60   339   120    -1
  230    61   351   198    -1
  230    62   234    36    -1
  230   341   280    64    -1
  230    64    92   339    -1
  230    65    73   152    -1
  230    66   104   182    -1
  230    67   313   221    -1
  230    68   113   108    -1
  230    69    41   248    -1
  230    70   294    93    -1
  230   364     9   186    -1
  230   501     5   272    -1
  230    73   333   328    -1
  230    74   267   233    -1
  230    76   210    21    -1
  230   297   237    79    -1
  230   480   386   137    -1
  230    78    52    78    -1
  230   408   196     8    -1
  230   354   271   344    -1
  230    82   271   197    -1
  230   304   285   348    -1
  230   412    43    67    -1
  230   430    52    47    -1
  230    87   309    21    -1
  230    88   369   124    -1
  230   358   289   109    -1
  230   296   333   202    -1
  230   452   367   278    -1
  230    91   185   295    -1
  230   388   213    93    -1
  230    92   333   259    -1
  230    94   239   300    -1
  230    95   105   112    -1
  230   343    21   371    -1
  230    98   301    63    -1
  230    99   214   349    -1
  230   446   198    49    -1
  230   101   226   209    -1
  230   331    94   333    -1
  230   102   355   207    -1
  230   103    15    85    -1
  230   403   321    39    -1
  230   105   100   301    -1
  230   291   274   228    -1
  230   342   274   326    -1
  230   107   277   382    -1
  230   108    67   221    -1
  230   389   254   314    -1
  230   110    96    46    -1
  230   111   168   279    -1
  230   502   127   394    -1
  230   351   307   147    -1
  230   382    91   192    -1
  230   282   112    12    -1
  230   346   250   364    -1
  230   116    18   325    -1
  230   118    16    91    -1
  230   328    44   185    -1
  230   347    70   284    -1
  230   496    14   223    -1
  230   491   299   381    -1
  230   121   171   280    -1
  230   284   134    86    -1
  230   444   382   354    -1
  230   317   136   269    -1
  230   458   136   367    -1
  230   378   314   144    -1
  230   123    51   307    -1
  230   124   363   159    -1
  230   398   294    78    -1
  230   481   379   215    -1
  230   474    30   387    -1
  230   426    62   188    -1
  230   130   183    98    -1
  230   133   353    58    -1
  230   469   390   242    -1
  230   359   274    19    -1
  230   136   246   178    -1
  230   137    37   268    -1
  230   471   379   222    -1
  230   459    28   373    -1
  230   140   195   195    -1
  230   141   354    46    -1
  230   142   167    91    -1
  230   143   303    53    -1
  230   144   171   205    -1
  230   475   240   383    -1
  230   146   101    97    -1
  230   414   208    73    -1
  230   148   331   224    -1
  230   149   215   302    -1
  230   294   247   316    -1
  230   393    50   244    -1
  230   151   292    96    -1
  230   362   212    36    -1
  230   153   323   146    -1
  230   154   271   170    -1
  230   440   356   334    -1
  230   467    29   293    -1
  230   159   192   316    -1
  230   160   292   381    -1
  230   373   328   143    -1
  230   329    26   130    -1
  230   166   166    54    -1
  230   489    15   297    -1
  230   168   136   174    -1
  230   169   261   256    -1
  230   171   146   171    -1
  230   339   217   121    -1
  230   499     9    84    -1
  230   174   238   109    -1
  230   379   278   294    -1
  230   176   143   181    -1
  230   177   190   256    -1
  230   434   151   343    -1
  230   438   341    40    -1
  230   179   298   209    -1
  230   287   162   131    -1
  230   427    38   171    -1
  230   181    45   223    -1
  230   182   308   106    -1
  230   450   146    31    -1
  230   484   383   221    -1
  230   374    60   211    -1
  230   442   145    38    -1
  230   186   146   131    -1
  230   187   248    56    -1
  230   188    20    56    -1
  230   189   276    83    -1
  230   190    57    99    -1
  230   298   243   315    -1
  230   191    85   134    -1
  230   192   166   367    -1
  230   193   208   256    -1
  230   392    76   280    -1
  230   195   309   316    -1
  230   196   212   301    -1
  230   197   170   298    -1
  230   200    92    73    -1
  230   201    11   113    -1
  230   203   217   356    -1
  230   395   351   366    -1
  230   205   183   224    -1
  230   431   353   230    -1
  230   207   311   172    -1
  230   495    13   282    -1
  230   454   280    35    -1
  230   493   329   383    -1
  230   428   343   142    -1
  230   212   246   339    -1
  230   394   326   173    -1
  230   214    97   116    -1
  230   216   359   210    -1
  230   217     8   288    -1
  230   465   368    42    -1
  230   219   166    60    -1
  230   220   205   175    -1
  230   462   154    33    -1
  230   352    81   174    -1
  230   224   327   230    -1
  230   497   293    12    -1
  230   435    24   339    -1
  230   226    43   156    -1
  230   227   215   256    -1
  230   228   245   115    -1
  230   425   335   168    -1
  230   232   137   226    -1
  230   338   350    78    -1
  230   234   350   332    -1
  230   353   310   251    -1
  230   418   317   272    -1
  230   235   164   216    -1
  230   447   254   360    -1
  230   357   339   276    -1
  230   490   384   267    -1
  230   239   187   259    -1
  230   377   216    43    -1
  230   241     9   265    -1
  230   318    99   145    -1
  230   242   137   115    -1
  230   321   272   208    -1
  230   453   362   385    -1
  230   245   143   308    -1
  230   246   109   390    -1
  230   500   370   391    -1
  230   468   101    25    -1
  230   249    41   323    -1
  230   250   282   239    -1
  230   251   184   340    -1
  230   254   220   224    -1
  230   492   220    14    -1
  230   371   175   302    -1
  230   413   241   336    -1
  230   259   162   186    -1
  230   261    29   201    -1
  230   470   380    30    -1
  230   420    76   116    -1
  230   369   348    74    -1
  230   266    75   349    -1
  230   472    29   236    -1
  460     0   144   170    -1
  460   632   243    57    -1
  460     2    54   134    -1
  460   705     9   197    -1
  460   628   335    64    -1
  460     5   132    50    -1
  460   529    23   272    -1
  460   576   178   351    -1
  460   473   159   105    -1
  460   651    75   346    -1
  460   589   135   315    -1
  460   704    70     9    -1
  460   623    63    32    -1
  460   597   297    27    -1
  460   625   145   356    -1
  460   466   280   288    -1
  460   538   254    20    -1
  460   316   175   152    -1
  460   503   157   156    -1
  460   624   297    66    -1
  460   700    12     8    -1
  460   546   310   116    -1
  460    19   225   377    -1
  460   683   374   312    -1
  460   692   300     9    -1
  460    22   208   199    -1
  460   302   241   130    -1
  460   523    66   353    -1
  460   421   316   316    -1
  460   565   288    45    -1
  460   687   382    55    -1
  460    27   135   222    -1
  460   314   158    29    -1
  460    30   168   128    -1
  460    31   279   138    -1
  460   685   372    45    -1
  460   708    17   393    -1
  460   701   387   199    -1
  460   410   294   294    -1
  460    35   122   364    -1
  460   290   353   394    -1
  460   618   259    61    -1
  460    37   193   104    -1
  460   542   257    77    -1
  460   574   251   109    -1
  460    40   314   273    -1
  460   510   235   389    -1
  460   681   185    28    -1
  460   416   303   355    -1
  460    44    63   115    -1
  460   709    92   393    -1
  460    45   316   174    -1
  460   479   128   152    -1
  460   698   384   296    -1
  460    48   157   154    -1
  460   707     8   212    -1
  460   639    15   327    -1
  460   345   257   137    -1
  460   506   174   212    -1
  460   591   236   356    -1
  460   630   131   367    -1
  460   293   337    46    -1
  460    57   383   314    -1
  460    58   175   264    -1
  460   322    72   183    -1
  460   699   392   384    -1
  460   594    89   300    -1
  460   587   167   305    -1
  460   341   105    40    -1
  460    64   116   330    -1
  460    65   126    75    -1
  460    66    64   283    -1
  460    67   270   183    -1
  460   677    18   147    -1
  460   582   298   336    -1
  460   613   368   234    -1
  460   666    42   362    -1
  460   693    15   390    -1
  460    73   209   211    -1
  460   513    41   165    -1
  460   564   128   320    -1
  460   297   362   174    -1
  460   480   219   235    -1
  460   571   289   360    -1
  460   614   305    56    -1
  460   541   222   145    -1
  460    82   276     8    -1
  460   678   177   373    -1
  460   608    88   165    -1
  460   511   337   284    -1
  460   430   198    20    -1
  460   568   302   263    -1
  460   575   102   189    -1
  460   358   352   223    -1
  460   296   221   276    -1
  460   452   254   390    -1
  460   679   172    32    -1
  460   388   190   252    -1
  460    94   148   170    -1
  460    95   156   249    -1
  460   343    20   352    -1
  460   545   371   146    -1
  460    98   380   224    -1
  460   446   359    17    -1
  460   101   286   318    -1
  460   331   260   268    -1
  460   102   318   193    -1
  460   403   200    72    -1
  460   636    99    53    -1
  460   291   241    79    -1
  460   342   313   302    -1
  460   562   335   135    -1
  460   108    30   321    -1
  460   389   195   351    -1
  460   626   170    43    -1
  460   111   185   242    -1
  460   662   184    50    -1
  460   645    63   118    -1
  460   382    68   300    -1
  460   595   373    41    -1
  460   116   148   380    -1
  460   682   374   168    -1
  460   640    22   184    -1
  460   347   196   243    -1
  460   496   104   204    -1
  460   491   387   367    -1
  460   121   142   280    -1
  460   634    30   345    -1
  460   680   367   303    -1
  460   458   100   298    -1
  460   694    21   240    -1
  460   123   209   380    -1
  460   585    73   104    -1
  460   124   237   245    -1
  460   592   200   356    -1
  460   688   371   203    -1
  460   474    50   312    -1
  460   631   173   359    -1
  460   426    34   216    -1
  460   130   114   177    -1
  460   581   355   264    -1
  460   514   370   364    -1
  460   593    91    79    -1
  460   690   379   144    -1
  460   588   349    90    -1
  460   359    95    76    -1
  460   136   200   100    -1
  460   657   342   141    -1
  460   471   326    86    -1
  460   605   319   327    -1
  460   140   215   336    -1
  460   655   394    76    -1
  460   144   211   165    -1
  460   641   289     6    -1
  460   670   359    78    -1
  460   414   239    82    -1
  460   696    19   114    -1
  460   149   199   239    -1
  460   294   221   287    -1
  460   393   112   368    -1
  460   151   344    75    -1
  460   586   146   323    -1
  460   664    50   168    -1
  460   695   268    13    -1
  460   440   303   172    -1
  460   547   130   144    -1
  460   521   162   169    -1
  460   686   141   373    -1
  460   467   165   337    -1
  460   159   144   342    -1
  460   160   354   282    -1
  460   552   130   343    -1
  460   654    21   180    -1
  460   643    53   365    -1
  460   168    86   167    -1
  460   169   310   150    -1
  460   697   220    12    -1
  460   171   191   173    -1
  460   534   130   261    -1
  460   339   305   121    -1
  460   174   138   259    -1
  460   379   278   250    -1
  460   176   136   250    -1
  460   177   105   233    -1
  460   434   204   300    -1
  460   287   102   223    -1
  460   181    36    79    -1
  460   182   220   273    -1
  460   669   286    39    -1
  460   607   327   157    -1
  460   374    62   335    -1
  460   642    55   337    -1
  460   186   125   229    -1
  460   658   248    54    -1
  460   578   335   177    -1
  460   189    96   128    -1
  460   620   319    66    -1
  460   706   115   391    -1
  460   192   270   206    -1
  460   193   234   346    -1
  460   672   359   346    -1
  460   516   313    96    -1
  460   195   121   277    -1
  460   196   136   180    -1
  460   702   251     9    -1
  460   509   189   379    -1
  460   665   351   382    -1
  460   200   160    89    -1
  460   548   264   145    -1
  460   525   192   271    -1
  460   203   241   222    -1
  460   656     5    48    -1
  460   205   241   310    -1
  460   431   258   139    -1
  460   528   169   234    -1
  460   558   130   112    -1
  460   207   247   355    -1
  460   519   251    11    -1
  460   691   378   325    -1
  460   689   388   374    -1
  460   703   390    54    -1
  460   212   382   208    -1
  460   394   328    27    -1
  460   214   106   117    -1
  460   216   278   202    -1
  460   684   393   255    -1
  460   649   295   333    -1
  460   219    17    23    -1
  460   220   253   172    -1
  460   508    80   207    -1
  460   462   308   138    -1
  460   352   189    56    -1
  460   224   249   184    -1
  460   497   324    87    -1
  460   674   378   278    -1
  460   227   163   308    -1
  460   228   216    85    -1
  460   599   308   211    -1
  460   638    54   195    -1
  460   232   117   254    -1
  460   647   279    62    -1
  460   353   385   177    -1
  460   418   211   170    -1
  460   235    93   301    -1
  460   447   208   297    -1
  460   357   286    99    -1
  460   490   265   180    -1
  460   553    60    44    -1
  460   239    17   186    -1
  460   377    62    89    -1
  460   579   301   187    -1
  460   659   343   154    -1
  460   242   156   205    -1
  460   321   141   119    -1
  460   668   373   357    -1
  460   245    43   290    -1
  460   563   201    90    -1
  460   468   137    41    -1
  460   250   171   338    -1
  460   251    59   284    -1
  460   660   345   376    -1
  460   254   214   231    -1
  460   569    53   149    -1
  460   492   184   138    -1
  460   371   315   272    -1
  460   531   313   117    -1
  460   413   287   370    -1
  460   259    29   287    -1
  460   648   332    83    -1
  460   644   189    69    -1
  460   526   271   132    -1
  460   470   293    99    -1
  460   420    52    57    -1
  460   583   346   260    -1
  460   369   328   278    -1
  460   616   326   353    -1
  460   661   367    84    -1
  460   472    76   134    -1
  460   533   394   269    -1
  690     0   197   112    -1
  690   892   307    36    -1
  690   705    75   198    -1
  690   922   387   208    -1
  690     5    29   216    -1
  690   917     7   241    -1
  690   931    23   394    -1
  690   576   365   386    -1
  690   879   149   352    -1
  690   651     7   331    -1
  690   840   285   366    -1
  690   856   317   373    -1
  690   732   383   326    -1
  690   704   137   173    -1
  690   831   205   321    -1
  690   597   263   103    -1
  690   625   144   383    -1
  690   819    97   355    -1
  690   316   340   147    -1
  690   503    30    68    -1
  690   624   300   238    -1
  690   864   134    36    -1
  690   812   156   324    -1
  690   546   169   199    -1
  690    19   311   284    -1
  690   683   319   164    -1
  690   829   202    29    -1
  690    22   128    81    -1
  690   302    75   167    -1
  690   893   389    38    -1
  690   421   250   205    -1
  690   906   127   384    -1
  690    27    91   381    -1
  690   710   174   219    -1
  690   314   102   133    -1
  690    30   189   229    -1
  690    31   157    93    -1
  690   685   311   164    -1
  690   810    82   369    -1
  690   701   375    50    -1
  690   729   138   238    -1
  690   410   308   340    -1
  690   929   392    55    -1
  690   752   202    60    -1
  690   618    82   119    -1
  690    37   287    81    -1
  690   542   299   255    -1
  690   574   235   167    -1
  690    40   382   113    -1
  690   932   328     5    -1
  690   820   310    22    -1
  690   824   282   334    -1
  690   416   180   240    -1
  690   823   375   142    -1
  690   869    16   318    -1
  690   872    24   192    -1
  690   698   295   321    -1
  690    48   166   186    -1
  690   707   168   164    -1
  690   744    26   311    -1
  690   923    11    19    -1
  690   844    59    72    -1
  690   797   369   177    -1
  690   345   212   110    -1
  690   506   135   137    -1
  690   904   300   373    -1
  690   901   249    29    -1
  690   890   260    40    -1
  690   757    99   202    -1
  690    58   164   362    -1
  690   322   229   198    -1
  690   724    54    25    -1
  690   746   377   338    -1
  690   594   235   251    -1
  690   842   241    15    -1
  690   882   265    40    -1
  690   925    40   392    -1
  690    64    90   317    -1
  690    65    35   158    -1
  690   850   367   159    -1
  690    67   214   211    -1
  690   754   273   205    -1
  690   821   351    78    -1
  690   779    46   341    -1
  690   666    41   195    -1
  690   920    18    28    -1
  690    73   150   159    -1
  690   780   205   269    -1
  690   513   231   141    -1
  690   564   227   266    -1
  690   918   381   271    -1
  690   480   210   385    -1
  690   876   381   352    -1
  690   857   359    68    -1
  690   717   115   105    -1
  690   608   164    53    -1
  690   511   350   360    -1
  690   760   362   341    -1
  690   568   388   128    -1
  690   575   190   142    -1
  690   845    29   164    -1
  690   296   216    98    -1
  690   905   358   368    -1
  690   679    14    17    -1
  690   388   144   229    -1
  690   895   376   264    -1
  690    94    64   202    -1
  690    95   313   329    -1
  690   888    44   292    -1
  690    98   389   108    -1
  690   764   286   275    -1
  690   331   162   133    -1
  690   102   144   197    -1
  690   891   200    13    -1
  690   636   239   109    -1
  690   291   295    72    -1
  690   342   175   202    -1
  690   108   123   273    -1
  690   853   100   389    -1
  690   800   216   301    -1
  690   111   126   128    -1
  690   662   162   198    -1
  690   645    99   185    -1
  690   830   374   192    -1
  690   835    63    23    -1
  690   817    92   116    -1
  690   898    48   361    -1
  690   777   285   120    -1
  690   886   359   315    -1
  690   121   176   224    -1
  690   836    15   139    -1
  690   458    42   353    -1
  690   899   364   249    -1
  690   123   374   345    -1
  690   585    96   246    -1
  690   124   143   190    -1
  690   592   154   373    -1
  690   733    78    95    -1
  690   688   256   324    -1
  690   911   176    22    -1
  690   631   285   215    -1
  690   774   320   305    -1
  690   912   386   170    -1
  690   921    17   364    -1
  690   902   368   140    -1
  690   690   313   110    -1
  690   588   240    10    -1
  690   908   131    26    -1
  690   136   154   185    -1
  690   657   231    57    -1
  690   471   226   129    -1
  690   909   307   377    -1
  690   140   144   277    -1
  690   825   306    74    -1
  690   712   384   228    -1
  690   144   103   107    -1
  690   841   365    70    -1
  690   834    84   181    -1
  690   822   194    73    -1
  690   851   340    94    -1
  690   149   133   211    -1
  690   913   153     9    -1
  690   854   220   345    -1
  690   894     5   374    -1
  690   868    65    64    -1
  690   664   179   128    -1
  690   695   376    78    -1
  690   440   194   262    -1
  690   547   134   246    -1
  690   521   109   354    -1
  690   686    51   280    -1
  690   467   114   259    -1
  690   159   249   342    -1
  690   871   311    51    -1
  690   924    14   323    -1
  690   772   319   274    -1
  690   749   324   283    -1
  690   725   215   240    -1
  690   795   342   268    -1
  690   168   177    82    -1
  690   877    49   135    -1
  690   697    46    33    -1
  690   171   193   204    -1
  690   534   205   119    -1
  690   339   130   155    -1
  690   863   309   351    -1
  690   174    29   297    -1
  690   379   322   265    -1
  690   176   133   196    -1
  690   861   339   225    -1
  690   926   127   391    -1
  690   852   294    63    -1
  690   713    14   290    -1
  690   287   208   348    -1
  690   735    40   160    -1
  690   181    43   121    -1
  690   182   194   191    -1
  690   919    19   238    -1
  690   873    57    56    -1
  690   915    14   282    -1
  690   186   173   240    -1
  690   578   190   185    -1
  690   914    69   377    -1
  690   620   335   245    -1
  690   706    58   220    -1
  690   762   282   257    -1
  690   192   134   302    -1
  690   193   250   361    -1
  690   672   345   308    -1
  690   195   289   326    -1
  690   196    34     8    -1
  690   874    54   355    -1
  690   827   314   344    -1
  690   200   295   206    -1
  690   548   188   158    -1
  690   525   344   214    -1
  690   203   225   207    -1
  690   855    31   162    -1
  690   880   253    46    -1
  690   431   340    44    -1
  690   528   255   191    -1
  690   900   148   370    -1
  690   809    93    18    -1
  690   771   347   357    -1
  690   691   262   237    -1
  690   903   356    30    -1
  690   775    83   200    -1
  690   798   120   248    -1
  690   887    60   383    -1
  690   214    51    55    -1
  690   726   102   303    -1
  690   885    39   159    -1
  690   846    18   211    -1
  690   928    35     7    -1
  690   219   110    62    -1
  690   220   242   152    -1
  690   508    65   142    -1
  690   462   307   332    -1
  690   930   108     7    -1
  690   224   272   182    -1
  690   896   269   369    -1
  690   227   146   270    -1
  690   228   227    64    -1
  690   599   283    50    -1
  690   738   275   284    -1
  690   638    78   167    -1
  690   232    82   235    -1
  690   731   370   288    -1
  690   647   340    41    -1
  690   796   102    60    -1
  690   418    76    41    -1
  690   235    74   131    -1
  690   447   149   172    -1
  690   837   363   359    -1
  690   490   257   356    -1
  690   883   380    82    -1
  690   773   309   125    -1
  690   579   150   253    -1
  690   659   200   198    -1
  690   242   297   135    -1
  690   321    62   107    -1
  690   781   304   220    -1
  690   848   391   297    -1
  690   563   171   125    -1
  690   739    40    80    -1
  690   838   150    28    -1
  690   736   138   104    -1
  690   860   280    33    -1
  690   734   337   125    -1
  690   254   199   164    -1
  690   828   331   179    -1
  690   492   364   176    -1
  690   878    34   107    -1
  690   803   175   373    -1
  690   730   297   160    -1
  690   916    17   191    -1
  690   648   217     6    -1
  690   644   149   188    -1
  690   526   244    87    -1
  690   470   154   177    -1
  690   867   191   378    -1
  690   583   277   125    -1
  690   881   242   377    -1
  690   907   309    28    -1
  690   843   339   119    -1
  690   927     8   158    -1
  920     0    59    61    -1
  920   892   321   160    -1
  920   970   313    34    -1
  920   922   240   126    -1
  920     5    90   176    -1
  920   931   144   293    -1
  920   991    41   288    -1
  920   879    61   275    -1
  920   972   257   323    -1
  920   933   274    63    -1
  920  1117   222    14    -1
  920  1090    52   355    -1
  920  1111   379   311    -1
  920   704    90   117    -1
  920   831   202   302    -1
  920  1103   378   393    -1
  920  1013   113   315    -1
  920  1105    21     6    -1
  920   819   118   375    -1
  920   316   183   161    -1
  920   503    11   214    -1
  920  1086   366   133    -1
  920   624   240   214    -1
  920  1024    90   321    -1
  920   812   232   380    -1
  920   546    46   361    -1
  920    19   213   204    -1
  920   683   177   141    -1
  920   302   147   231    -1
  920  1070    87   341    -1
  920   421    68   262    -1
  920   906    81   312    -1
  920  1088   374    23    -1
  920  1120   258   384    -1
  920   710   279    90    -1
  920   314   118   226    -1
  920    30   246   204    -1
  920    31   265   132    -1
  920   685   156   196    -1
  920   810   127   328    -1
  920  1048    55   311    -1
  920  1003   330   323    -1
  920   729    23   274    -1
  920   410   344   316    -1
  920  1135     6    86    -1
  920  1121   276   381    -1
  920  1080   342    85    -1
  920    37   356    15    -1
  920   542   170   387    -1
  920   574   147   195    -1
  920   932   180   100    -1
  920   985   333   284    -1
  920  1102   169   376    -1
  920   416    78   349    -1
  920   823   231   176    -1
  920  1125   391   392    -1
  920   872   111   343    -1
  920  1059   388   145    -1
  920   698   155   281    -1
  920    48   282    65    -1
  920   707   194   129    -1
  920   998    44   373    -1
  920   923   199   103    -1
  920   797   351   234    -1
  920   345   354   162    -1
  920   506   119   323    -1
  920   904   334   180    -1
  920  1027   221   370    -1
  920   890   371   166    -1
  920   757    13   247    -1
  920    58   275   337    -1
  920   322   207   128    -1
  920  1053   318   352    -1
  920  1082   240    43    -1
  920   746   270   239    -1
  920   594   168   375    -1
  920   842   190    79    -1
  920   882   282   102    -1
  920  1071    57    60    -1
  920  1064    53   377    -1
  920  1018   370   167    -1
  920    67   291   236    -1
  920   754   337   110    -1
  920  1106   348   379    -1
  920  1100   186   359    -1
  920   666    16    21    -1
  920   996   153   361    -1
  920    73    52   251    -1
  920   780   295   125    -1
  920   513   258   298    -1
  920   564   335   229    -1
  920   918   227   384    -1
  920   974   189    59    -1
  920  1056   390    58    -1
  920  1028    43    20    -1
  920   876   204   317    -1
  920  1021   302    60    -1
  920  1122    18   184    -1
  920   717     5    67    -1
  920  1014   276   109    -1
  920  1037   212   303    -1
  920  1017   298   319    -1
  920   760   304   231    -1
  920  1113    20    57    -1
  920   575    64    77    -1
  920  1128    12   183    -1
  920   296   132   250    -1
  920  1109   378   278    -1
  920  1129   387   348    -1
  920   388    12    90    -1
  920   895   344   104    -1
  920  1072   353   194    -1
  920    94    66   343    -1
  920  1084    43   311    -1
  920   962   188    66    -1
  920   888   154   338    -1
  920   987   121    25    -1
  920  1000   250   324    -1
  920   764   313   318    -1
  920   981    83   253    -1
  920   331   195   286    -1
  920   102   212   109    -1
  920   963   144   104    -1
  920  1002   277    97    -1
  920   636   108    78    -1
  920   342   103   142    -1
  920   960   137   190    -1
  920  1076    63   366    -1
  920   800   174   394    -1
  920  1107   369   170    -1
  920   662   323   271    -1
  920  1118   378   193    -1
  920  1050    48   112    -1
  920   982    89   119    -1
  920   955   282   311    -1
  920   777   129    61    -1
  920   950   111   342    -1
  920   886   267   238    -1
  920   121   152    93    -1
  920  1099    40   316    -1
  920   976   320    86    -1
  920  1124   363   390    -1
  920   899   269   115    -1
  920   123   268   334    -1
  920  1116    20   214    -1
  920   124   165   292    -1
  920   592    23   275    -1
  920   688   235   243    -1
  920  1130    10   129    -1
  920   774   323   208    -1
  920  1054   387   142    -1
  920  1133     8   123    -1
  920   690   209   201    -1
  920  1030   300    90    -1
  920   136   242   302    -1
  920  1019   156   310    -1
  920   471   214    77    -1
  920   140   114    87    -1
  920   825   291   216    -1
  920   937    50   105    -1
  920   975   115   245    -1
  920   144    65   233    -1
  920  1078   356   347    -1
  920   834   166    85    -1
  920   822   258   108    -1
  920   851   154    59    -1
  920   149    97   339    -1
  920  1097    35    24    -1
  920   988   340   225    -1
  920   868    21   138    -1
  920  1115   229    22    -1
  920  1132   392   133    -1
  920   440   274   116    -1
  920   547    36   360    -1
  920   521   255   380    -1
  920   686    79   123    -1
  920   467   199   115    -1
  920   159   350   218    -1
  920   871   312   231    -1
  920  1025   346   239    -1
  920  1061   389   215    -1
  920   772   248   203    -1
  920  1134   288   392    -1
  920   725   216   314    -1
  920   795   366   337    -1
  920  1005   295   329    -1
  920  1108   137   369    -1
  920  1114   372   175    -1
  920   534   177   124    -1
  920   863   185   393    -1
  920  1042   361   208    -1
  920  1026   337   275    -1
  920   176    44   112    -1
  920  1039    44    52    -1
  920   852   364    94    -1
  920  1085    62    38    -1
  920  1087    54    39    -1
  920   287   342   366    -1
  920   735   116   300    -1
  920  1015    92    42    -1
  920   182   235   233    -1
  920   953    18   240    -1
  920  1029   295   219    -1
  920  1044   346    88    -1
  920   915    43   283    -1
  920   959   146   162    -1
  920   578   137   188    -1
  920   620   385   219    -1
  920   706    26    68    -1
  920   762   311   360    -1
  920  1083   387    48    -1
  920  1020   114   286    -1
  920  1009   298   216    -1
  920  1104    33   379    -1
  920  1101   132    43    -1
  920   200   335   358    -1
  920   548    15    51    -1
  920   525   219   292    -1
  920   203   202    34    -1
  920   855    83   360    -1
  920  1126   394    85    -1
  920   528   204    22    -1
  920  1033    66   366    -1
  920   771   325   387    -1
  920   691   312   107    -1
  920   903   347    84    -1
  920  1075   339   262    -1
  920   949   147   202    -1
  920   798   124   102    -1
  920  1046   240   351    -1
  920  1077   102   341    -1
  920  1081   209    43    -1
  920   885   210   102    -1
  920  1131     7   392    -1
  920   928   104   166    -1
  920   219   186   191    -1
  920   220   262   246    -1
  920   508   106   175    -1
  920   224   248    32    -1
  920  1136     5     5    -1
  920  1094    40   139    -1
  920  1127   163   393    -1
  920   227   261   279    -1
  920  1098   146    45    -1
  920  1063   327   355    -1
  920  1110   330   369    -1
  920   418    59   147    -1
  920  1079    48   164    -1
  920   447   318    60    -1
  920  1119   293    21    -1
  920  1112   262    30    -1
  920  1089    39   209    -1
  920   579    98   145    -1
  920   659   109   198    -1
  920   242   346    33    -1
  920   321   205   205    -1
  920   781   384    48    -1
  920   967    73   190    -1
  920   563    62    11    -1
  920   989    41   310    -1
  920   736   133    90    -1
  920   860   249    45    -1
  920  1010    64   209    -1
  920   935   129   268    -1
  920  1065   360   284    -1
  920   254   190   147    -1
  920   828   301    55    -1
  920   999    52   114    -1
  920   878   174   118    -1
  920   990   182    25    -1
  920   730   216   297    -1
  920  1006   281    38    -1
  920   916   126   235    -1
  920   995   338    78    -1
  920   470   146   104    -1
  920   867   226   280    -1
  920  1096   281   358    -1
  920  1011   313    92    -1
  920   907   372   123    -1
  920  1095   358   220    -1
  920  1016   325    40    -1
 1150     0   143   149    -1
 1150   892   376   241    -1
 1150   970   224   129    -1
 1150  1248    83   278    -1
 1150   922   254    38    -1
 1150     5   202   239    -1
 1150  1172   351   159    -1
 1150   931   228   311    -1
 1150  1258   346   239    -1
 1150   879    47   263    -1
 1150   972   252   268    -1
 1150   933   127   194    -1
 1150  1263   103   329    -1
 1150  1199   352   237    -1
 1150  1243   350   253    -1
 1150   831   273   196    -1
 1150  1315   361   270    -1
 1150  1196    26   108    -1
 1150   316   158   354    -1
 1150   503    26   301    -1
 1150  1236    34   139    -1
 1150  1024    13   187    -1
 1150  1189   148    72    -1
 1150  1255   353   372    -1
 1150    19   194   168    -1
 1150   683   123   168    -1
 1150  1282    80    46    -1
 1150  1239    33   362    -1
 1150   302    26   234    -1
 1150  1070    41   165    -1
 1150  1289    37   343    -1
 1150   906   231   233    -1
 1150  1211   331   281    -1
 1150  1309   181   374    -1
 1150  1338   227   389    -1
 1150   314    75   350    -1
 1150   810   136   249    -1
 1150  1048   182   367    -1
 1150  1003   281   190    -1
 1150  1209   294   218    -1
 1150   410   350   233    -1
 1150  1135   141   170    -1
 1150  1121   167   229    -1
 1150  1303   388   378    -1
 1150  1333    58    22    -1
 1150   574   230   356    -1
 1150  1173   137   188    -1
 1150   932   359   116    -1
 1150  1307   312    17    -1
 1150  1302    79   378    -1
 1150  1264    89    65    -1
 1150   823   134   204    -1
 1150  1336   381    75    -1
 1150  1220    63   119    -1
 1150  1190   106   229    -1
 1150   698   179   294    -1
 1150   707   282   116    -1
 1150   998    69   254    -1
 1150   923   262   136    -1
 1150   797   336   367    -1
 1150   506   271   296    -1
 1150   904   343   196    -1
 1150  1027   258   319    -1
 1150  1246    80    92    -1
 1150  1337   276    17    -1
 1150  1082   123    71    -1
 1150   746   267    63    -1
 1150   594   110   202    -1
 1150   842    40   144    -1
 1150  1284    18   137    -1
 1150  1071   202    83    -1
 1150  1298   386   199    -1
 1150  1152    12   279    -1
 1150  1322   393   385    -1
 1150   754   345   204    -1
 1150  1106   354   338    -1
 1150  1100   238   234    -1
 1150  1265   319   341    -1
 1150    73   231   200    -1
 1150  1329   122   384    -1
 1150   564   379   316    -1
 1150   974   217   206    -1
 1150  1210   359   120    -1
 1150  1316   368   372    -1
 1150  1300   263    42    -1
 1150  1021   203   143    -1
 1150  1174   282   135    -1
 1150  1014   264   115    -1
 1150  1037    98   195    -1
 1150  1017   239   151    -1
 1150  1324    27   162    -1
 1150  1113    63   227    -1
 1150   575    13   222    -1
 1150  1128   139   163    -1
 1150   296   105   196    -1
 1150  1341    18     8    -1
 1150  1327    17   160    -1
 1150  1297   280   363    -1
 1150  1072   311   159    -1
 1150    94    68   282    -1
 1150  1325   368   283    -1
 1150   962   296   211    -1
 1150   888   232   205    -1
 1150  1000   189   142    -1
 1150   764   366   209    -1
 1150   981   176   378    -1
 1150   331   233   313    -1
 1150   102   353    71    -1
 1150   963   102   234    -1
 1150  1002   266    92    -1
 1150  1319   109   366    -1
 1150  1275   379    93    -1
 1150   342   203   228    -1
 1150   960   244   147    -1
 1150  1225    29    84    -1
 1150  1107   370   220    -1
 1150   662   382   114    -1
 1150  1118   233   146    -1
 1150  1050   184   148    -1
 1150  1344     5   205    -1
 1150   955   282   257    -1
 1150  1147   235   330    -1
 1150  1294    77    52    -1
 1150  1182   136   129    -1
 1150   777    62   146    -1
 1150   886   310   271    -1
 1150  1301   114    47    -1
 1150  1099    13   190    -1
 1150  1159   365   227    -1
 1150  1331   379   222    -1
 1150  1124   192   366    -1
 1150   899   378    99    -1
 1150  1328   125   381    -1
 1150  1312   370   319    -1
 1150   124   212   308    -1
 1150   592    57    90    -1
 1150  1262   317   320    -1
 1150   688   269   156    -1
 1150  1280   182    67    -1
 1150  1177   141    90    -1
 1150   774   214   102    -1
 1150  1187   122    57    -1
 1150  1133   109   172    -1
 1150  1155     8   139    -1
 1150   690   179   221    -1
 1150  1030   340    81    -1
 1150  1342   307     5    -1
 1150   136   224   344    -1
 1150  1019   116   240    -1
 1150  1219    36   269    -1
 1150   140    60   184    -1
 1150   825   339   163    -1
 1150   937   214    62    -1
 1150   975   119   327    -1
 1150   144    95   313    -1
 1150  1078   225   376    -1
 1150  1320   257    15    -1
 1150   822   296    46    -1
 1150   149   232   208    -1
 1150  1272    54    47    -1
 1150  1192   291   266    -1
 1150   988   272   391    -1
 1150  1191   363   127    -1
 1150  1115   158   110    -1
 1150  1132   353   257    -1
 1150   440   229    95    -1
 1150  1217   312   108    -1
 1150   686   240   142    -1
 1150   467   157    20    -1
 1150   159   363    85    -1
 1150  1340     6   357    -1
 1150  1240    95   155    -1
 1150   772   188   291    -1
 1150  1227   287    36    -1
 1150  1305   296    42    -1
 1150  1299   280    46    -1
 1150  1005   363   290    -1
 1150  1108   266   343    -1
 1150  1167   120   130    -1
 1150  1231   117   355    -1
 1150   534   222   259    -1
 1150  1269    15   304    -1
 1150   863   197   203    -1
 1150  1270    54    82    -1
 1150  1332   382   159    -1
 1150   176   197   197    -1
 1150  1179    52   178    -1
 1150  1223   296    88    -1
 1150  1215    30   125    -1
 1150  1226   380    67    -1
 1150   287   204   240    -1
 1150  1334   245    21    -1
 1150  1015   191    47    -1
 1150   182   212   394    -1
 1150  1268    34    80    -1
 1150  1029   305   137    -1
 1150  1313   383   224    -1
 1150  1290   385   292    -1
 1150  1261   287   377    -1
 1150   959    67   135    -1
 1150   578   191   286    -1
 1150  1197   108   163    -1
 1150  1317    26   166    -1
 1150  1285    55   239    -1
 1150  1083   258    39    -1
 1150  1020   288   239    -1
 1150  1009   350   317    -1
 1150  1168    45   250    -1
 1150  1137    13   327    -1
 1150  1149   142   309    -1
 1150  1224   358   108    -1
 1150  1254   127   333    -1
 1150   525   240   269    -1
 1150  1247   261   385    -1
 1150   855    31   340    -1
 1150  1185    42    20    -1
 1150  1330   103   374    -1
 1150  1228   353   303    -1
 1150  1279   353   125    -1
 1150  1335   366   376    -1
 1150  1221   117    52    -1
 1150  1075   310   257    -1
 1150   949   208    76    -1
 1150   798   201    98    -1
 1150  1046   349   268    -1
 1150  1077   246   354    -1
 1150  1321   217   370    -1
 1150   885   388   183    -1
 1150   928    86   200    -1
 1150   219    94   143    -1
 1150   220   186   247    -1
 1150   508    72    72    -1
 1150  1153   240    39    -1
 1150  1235   345   235    -1
 1150  1222   177   292    -1
 1150  1277    61    25    -1
 1150  1171   190   362    -1
 1150  1098   111    41    -1
 1150  1291   205    27    -1
 1150  1286     7   361    -1
 1150  1343   274     6    -1
 1150  1345   215     5    -1
 1150  1110   243   254    -1
 1150  1144   392   160    -1
 1150  1283   362    28    -1
 1150  1079   199   131    -1
 1150  1292    66    23    -1
 1150  1293   334   378    -1
 1150  1112   251   171    -1
 1150  1346     5   242    -1
 1150  1339   118   393    -1
 1150   659   196    57    -1
 1150  1250   105    15    -1
 1150   321   323   139    -1
 1150  1203    79    93    -1
 1150   967   222   207    -1
 1150  1326   372   346    -1
 1150  1323   386    89    -1
 1150  1257   315   334    -1
 1150   736    61   255    -1
 1150   860   258    94    -1
 1150  1010    78   334    -1
 1150   935   160   135    -1
 1150  1318    33    36    -1
 1150   254    77    24    -1
 1150  1242   320   299    -1
 1150  1238   363   188    -1
 1150  1198   332   143    -1
 1150   878    57    26    -1
 1150  1229   191    19    -1
 1150   730    53   316    -1
 1150  1204   383   329    -1
 1150   916   140   249    -1
 1150  1273   355   198    -1
 1150  1295   210   359    -1
 1150   470   137   291    -1
 1150   867    78   228    -1
 1150  1096   182   380    -1
 1150  1271    66    93    -1
 1150  1230    75   135    -1
 1150  1095   199   171    -1
 1150  1156   250   314    -1
 1380  1431   101   108    -1
 1380   970    92   154    -1
 1380   922   229   212    -1
 1380     5   232   330    -1
 1380   972   297   185    -1
 1380   933   227   347    -1
 1380  1263   209   250    -1
 1380  1199   238   108    -1
 1380  1513    11    61    -1
 1380  1243   248   224    -1
 1380   831   230   338    -1
 1380  1315   327   124    -1
 1380  1480   359   292    -1
 1380  1537     6   376    -1
 1380   316   151   231    -1
 1380  1481   334   218    -1
 1380  1486    66   355    -1
 1380  1189   226    35    -1
 1380  1516   388    86    -1
 1380    19   386   193    -1
 1380   683   149   181    -1
 1380  1282     6   207    -1
 1380  1546   117     9    -1
 1380   302   213   170    -1
 1380  1535   384    77    -1
 1380  1519   366   339    -1
 1380   906   116   250    -1
 1380  1309   144   320    -1
 1380  1403   219   108    -1
 1380  1420    27   108    -1
 1380  1387   277   196    -1
 1380  1527   281   378    -1
 1380  1367   229   235    -1
 1380   810    26   234    -1
 1380  1048   204   207    -1
 1380  1003   338   122    -1
 1380  1209   194   209    -1
 1380   410   186   177    -1
 1380  1135    18   102    -1
 1380  1121   146   338    -1
 1380  1490    96   364    -1
 1380  1550   130     5    -1
 1380   574   322   385    -1
 1380  1173    91   366    -1
 1380  1307   290   124    -1
 1380  1438   265   380    -1
 1380  1264   124   173    -1
 1380   823   238   205    -1
 1380  1336   289   100    -1
 1380  1220   227    87    -1
 1380  1190   202   126    -1
 1380   698   300   247    -1
 1380  1395   121   375    -1
 1380  1532    21   149    -1
 1380  1548    43     5    -1
 1380   923   275   124    -1
 1380  1401   120   260    -1
 1380   506   227   297    -1
 1380   904   341    89    -1
 1380  1246   166    39    -1
 1380  1488   285    41    -1
 1380  1384   274   266    -1
 1380  1363   147   165    -1
 1380  1337   334   166    -1
 1380  1500     5   386    -1
 1380  1472   334   327    -1
 1380   594    22   114    -1
 1380  1484    37   164    -1
 1380  1284    38    67    -1
 1380  1071   364   149    -1
 1380  1373   120   169    -1
 1380  1529   374   302    -1
 1380  1507   372   276    -1
 1380  1383     7   357    -1
 1380   754   237   309    -1
 1380  1412   107   345    -1
 1380  1436   365   105    -1
 1380  1265   192   374    -1
 1380    73   272    42    -1
 1380  1365   285   249    -1
 1380  1329   305   311    -1
 1380  1465    36    93    -1
 1380   974   262   101    -1
 1380  1210   244   212    -1
 1380  1433   348   256    -1
 1380  1021   304   231    -1
 1380  1351   142   100    -1
 1380  1174   338    30    -1
 1380  1014   304   259    -1
 1380  1037    47   122    -1
 1380  1017   355    32    -1
 1380  1485   328   108    -1
 1380  1113    30   115    -1
 1380  1492     8    69    -1
 1380  1128   258    38    -1
 1380  1459    54    84    -1
 1380  1494   369   256    -1
 1380  1327    11   345    -1
 1380  1539    12   340    -1
 1380  1072   369    82    -1
 1380    94    11   220    -1
 1380  1325   257   274    -1
 1380   962   128   202    -1
 1380   888   230   323    -1
 1380  1515   109   367    -1
 1380  1000    31   126    -1
 1380  1530   372   258    -1
 1380  1377    52   295    -1
 1380   331   247   126    -1
 1380  1482    36    45    -1
 1380   963   224   353    -1
 1380  1540    18   162    -1
 1380  1531    11    92    -1
 1380   342   125   212    -1
 1380   960   211    63    -1
 1380  1456   347    46    -1
 1380  1419   305    95    -1
 1380  1498    43   320    -1
 1380  1422   306   104    -1
 1380  1118   239     8    -1
 1380  1050   367   110    -1
 1380  1344   133   221    -1
 1380   955   373    82    -1
 1380  1147   234   313    -1
 1380  1467    49   108    -1
 1380  1182   155    92    -1
 1380  1509   186    30    -1
 1380  1445    53   342    -1
 1380   886   219   309    -1
 1380  1301    67    98    -1
 1380  1506   383    71    -1
 1380  1542    12   138    -1
 1380  1525   151    31    -1
 1380  1468   296    57    -1
 1380   124    94   307    -1
 1380   592   104   117    -1
 1380   688   295   111    -1
 1380  1280   286    50    -1
 1380  1177   239    52    -1
 1380  1461    52   313    -1
 1380  1547   394    46    -1
 1380  1133   238   112    -1
 1380  1357   130   287    -1
 1380   690   182   215    -1
 1380  1342   239    62    -1
 1380   136   233   363    -1
 1380  1019    80   165    -1
 1380  1369   361   250    -1
 1380  1219   112   377    -1
 1380   140   127   198    -1
 1380   825   161   156    -1
 1380   937   264    54    -1
 1380   975    30   312    -1
 1380   144   247   209    -1
 1380  1400   226   110    -1
 1380  1499   185    45    -1
 1380   822   293   143    -1
 1380  1368    77   131    -1
 1380   149   351   231    -1
 1380  1411   274   113    -1
 1380  1115   131   287    -1
 1380   440   101    13    -1
 1380  1440    90    44    -1
 1380  1217   168   131    -1
 1380   686   179   196    -1
 1380  1503   249    44    -1
 1380  1549    32   394    -1
 1380  1473    30    56    -1
 1380  1416   268   189    -1
 1380  1240    50   172    -1
 1380   772   227   319    -1
 1380  1432   233   109    -1
 1380  1305   389    44    -1
 1380  1541   270   385    -1
 1380  1413   370   371    -1
 1380  1108   268   295    -1
 1380  1167    78     7    -1
 1380  1448   246   318    -1
 1380   534   290   380    -1
 1380   863   262   139    -1
 1380  1496    90   345    -1
 1380   176   330   179    -1
 1380  1179   121   119    -1
 1380  1223   319   197    -1
 1380  1425   327    26    -1
 1380  1487    46   222    -1
 1380   287    46   364    -1
 1380  1517   388   368    -1
 1380  1455   214   324    -1
 1380  1268   214   141    -1
 1380  1511   345    36    -1
 1380  1313   283   220    -1
 1380  1392    50   270    -1
 1380  1261   273   255    -1
 1380  1444   338    36    -1
 1380   578   225   208    -1
 1380  1534   312   382    -1
 1380  1544   135   388    -1
 1380  1317   125    27    -1
 1380  1361   371    86    -1
 1380  1285   185   271    -1
 1380  1083   222    74    -1
 1380  1020   332   308    -1
 1380  1009   202   365    -1
 1380  1168   167   173    -1
 1380  1423   297   239    -1
 1380  1447    77   271    -1
 1380  1493    40   183    -1
 1380  1149   290   308    -1
 1380  1430   328   209    -1
 1380  1464   232    68    -1
 1380   525   321   330    -1
 1380  1471   347    89    -1
 1380  1543    89   389    -1
 1380  1185    97   145    -1
 1380  1352   261   135    -1
 1380  1330   123   191    -1
 1380  1545   390   156    -1
 1380  1418   117    80    -1
 1380  1279   348   307    -1
 1380  1501   360    30    -1
 1380  1075   232   253    -1
 1380  1453   159   307    -1
 1380   798   340    79    -1
 1380  1474    21   120    -1
 1380  1077   248   160    -1
 1380  1321   261   218    -1
 1380  1491   354    69    -1
 1380  1372   208    55    -1
 1380   928   119   121    -1
 1380  1502    44   195    -1
 1380   220   174   378    -1
 1380  1505   202    17    -1
 1380  1153   331   137    -1
 1380  1235   331   229    -1
 1380  1222    91   387    -1
 1380  1477    78    83    -1
 1380  1379   176   307    -1
 1380  1533   196    23    -1
 1380  1504    38   297    -1
 1380  1454   133   363    -1
 1380  1463   256   329    -1
 1380  1343   349   103    -1
 1380  1457   175   335    -1
 1380  1110   176   394    -1
 1380  1489    44   317    -1
 1380  1283   202    94    -1
 1380  1079   240    62    -1
 1380  1292   163   111    -1
 1380  1293   317   225    -1
 1380  1112   131   168    -1
 1380  1475   332   159    -1
 1380  1441   307   341    -1
 1380  1250   156   155    -1
 1380  1514    39   214    -1
 1380  1203    62   177    -1
 1380   967   134   133    -1
 1380  1326   274   214    -1
 1380  1257   138   285    -1
 1380   736   158   325    -1
 1380  1536    33    11    -1
 1380   935   344   123    -1
 1380  1242   321   198    -1
 1380  1478    20    68    -1
 1380  1528   369   172    -1
 1380  1512   327    38    -1
 1380  1435   384   294    -1
 1380  1204   261   356    -1
 1380  1520   272   362    -1
 1380  1273   279    87    -1
 1380  1295   135   252    -1
 1380  1521   135    34    -1
 1380   867    56   380    -1
 1380  1524    69    18    -1
 1380  1271    43    85    -1
 1380  1522    37   376    -1
 1380  1095   118    21    -1
 1380  1156   368   302    -1
 1380  1355    28   210    -1
 1610  1563   336    98    -1
 1610  1756    94   379    -1
 1610   970    76    53    -1
 1610  1552   319    87    -1
 1610   922   249   168    -1
 1610     5   128   372    -1
 1610  1567    78   274    -1
 1610  1669   308   263    -1
 1610  1610   351   376    -1
 1610  1602   109   226    -1
 1610   972   147   218    -1
 1610  1691   310    60    -1
 1610  1263   145   313    -1
 1610  1199   300    60    -1
 1610  1696    70   362    -1
 1610  1243   268   379    -1
 1610   831   324   345    -1
 1610  1767   392   260    -1
 1610  1619   215   122    -1
 1610   316   303   228    -1
 1610  1631    97    71    -1
 1610  1481   272   182    -1
 1610  1486    87   237    -1
 1610  1693    28    19    -1
 1610  1189   347   138    -1
 1610  1516   332   158    -1
 1610  1621    38   186    -1
 1610   683   116   267    -1
 1610  1601   311   182    -1
 1610  1617    37   383    -1
 1610   302   377    97    -1
 1610  1519   324   174    -1
 1610   906   152   380    -1
 1610  1659   100   118    -1
 1610  1708   107    53    -1
 1610  1403   128    27    -1
 1610  1741    28   280    -1
 1610  1387   205   145    -1
 1610  1527   138   257    -1
 1610  1367   145   237    -1
 1610   810    80    83    -1
 1610  1048   186   243    -1
 1610  1003   383   235    -1
 1610  1209   133   347    -1
 1610   410   219   194    -1
 1610  1630   382   174    -1
 1610  1736    62   369    -1
 1610  1672   359    75    -1
 1610  1490   150   282    -1
 1610  1550   272    53    -1
 1610  1632   236   299    -1
 1610  1716    60   348    -1
 1610  1694   324   320    -1
 1610  1264   270   177    -1
 1610   823   249    40    -1
 1610  1336   245    63    -1
 1610  1220   205    67    -1
 1610  1190   349   173    -1
 1610  1723   378   348    -1
 1610  1395    20   287    -1
 1610  1766   392    32    -1
 1610  1732   357    37    -1
 1610   923   130   119    -1
 1610  1575   223   239    -1
 1610  1597   150    70    -1
 1610  1401   151   165    -1
 1610   506   147   372    -1
 1610   904   264    74    -1
 1610  1564   180   263    -1
 1610  1754    79   378    -1
 1610  1488    93   111    -1
 1610  1384   233   171    -1
 1610  1363   124   218    -1
 1610  1667   370   303    -1
 1610  1472   224   203    -1
 1610  1704    73    26    -1
 1610  1071   333   267    -1
 1610  1373    22    71    -1
 1610  1705   329    59    -1
 1610  1711    41   329    -1
 1610  1742   141    36    -1
 1610  1660   260   329    -1
 1610  1436   273   157    -1
 1610  1656    68   240    -1
 1610  1675   194   341    -1
 1610  1365   277   136    -1
 1610  1329   325   351    -1
 1610  1733   135   376    -1
 1610   974   333    61    -1
 1610  1210   228   135    -1
 1610  1687   250    11    -1
 1610  1751   244   372    -1
 1610  1763    10   331    -1
 1610  1622   315   287    -1
 1610  1485   300    92    -1
 1610  1593   313   146    -1
 1610  1128   290    40    -1
 1610  1720    55    64    -1
 1610  1769   176   393    -1
 1610  1690   371   366    -1
 1610  1072   264    82    -1
 1610  1636   374   122    -1
 1610  1325   273   380    -1
 1610   962    53    92    -1
 1610  1530   351   379    -1
 1610  1377   144   332    -1
 1610   331   187   143    -1
 1610  1641   206   320    -1
 1610  1540    81   325    -1
 1610   342   264    75    -1
 1610   960   227    71    -1
 1610  1585   137   378    -1
 1610  1642   300    26    -1
 1610  1746   285   377    -1
 1610  1498   207   338    -1
 1610  1118    61    40    -1
 1610  1759    16    90    -1
 1610  1344   220   289    -1
 1610  1727    36   363    -1
 1610  1147   291   351    -1
 1610  1467   140   203    -1
 1610  1182   163   272    -1
 1610  1664    13   242    -1
 1610  1634   235   262    -1
 1610  1737   259    10    -1
 1610  1679   307    86    -1
 1610  1762   104   386    -1
 1610  1709   352   346    -1
 1610  1542   158   197    -1
 1610  1525   190    99    -1
 1610  1588    80   286    -1
 1610  1683   298   337    -1
 1610   124    19   315    -1
 1610   592   149    95    -1
 1610  1712   168   339    -1
 1610  1654   313   375    -1
 1610  1738    80   379    -1
 1610  1607   210   113    -1
 1610  1461   103   138    -1
 1610  1568   270    78    -1
 1610  1133   123    11    -1
 1610  1357   282   252    -1
 1610   690   169   194    -1
 1610  1570    31   331    -1
 1610  1770   186     6    -1
 1610  1674   314   326    -1
 1610  1019   156   188    -1
 1610  1369   225   145    -1
 1610  1649    42    94    -1
 1610   140   231    98    -1
 1610   825   217   229    -1
 1610  1757   389   287    -1
 1610  1400   295   295    -1
 1610  1499   115    98    -1
 1610   822   361   223    -1
 1610  1771   393    78    -1
 1610   149   245   152    -1
 1610  1559   352   139    -1
 1610  1701   338   320    -1
 1610  1115   116   357    -1
 1610  1611   152   272    -1
 1610  1645   158   299    -1
 1610  1217    85    37    -1
 1610   686    62   226    -1
 1610  1503   317   156    -1
 1610  1473   131   146    -1
 1610  1416   297   228    -1
 1610  1702    27   336    -1
 1610  1703   207    70    -1
 1610  1432   143    79    -1
 1610  1541   341   357    -1
 1610  1710   383   322    -1
 1610  1108   283   102    -1
 1610  1604   104   375    -1
 1610  1561   333   133    -1
 1610  1731   224    19    -1
 1610  1613   149    93    -1
 1610  1764   389   311    -1
 1610   863   242    67    -1
 1610  1573   296    55    -1
 1610   176   355   190    -1
 1610  1179   143   145    -1
 1610  1223   309   214    -1
 1610  1699   204    75    -1
 1610  1487   211   180    -1
 1610  1755   388   194    -1
 1610  1455   181   281    -1
 1610  1268   331   246    -1
 1610  1768    68   393    -1
 1610  1313   256   203    -1
 1610  1392    85   163    -1
 1610  1761    16   283    -1
 1610  1678    12    97    -1
 1610   578   134   192    -1
 1610  1534   199   283    -1
 1610  1544   275   384    -1
 1610  1739    45   362    -1
 1610  1285    20   177    -1
 1610  1083    49    76    -1
 1610  1760   256    11    -1
 1610  1009   186   193    -1
 1610  1168    39    86    -1
 1610  1423   249   266    -1
 1610  1493   103   227    -1
 1610  1758    18   286    -1
 1610  1430   289   354    -1
 1610  1464   309   132    -1
 1610   525   373   247    -1
 1610  1543   146   303    -1
 1610  1185   249   114    -1
 1610  1352   261   231    -1
 1610  1330   119    31    -1
 1610  1697    60    88    -1
 1610  1418   162    14    -1
 1610  1665   100   281    -1
 1610  1735   285   385    -1
 1610  1453   184   299    -1
 1610   798   330   167    -1
 1610  1474   133   199    -1
 1610  1077    81   111    -1
 1610  1321   314   304    -1
 1610  1662   166   319    -1
 1610   928    35    62    -1
 1610  1502   131   308    -1
 1610  1725    39   386    -1
 1610  1153   322    43    -1
 1610  1235   218   196    -1
 1610  1726   364    98    -1
 1610  1379   221   243    -1
 1610  1643   152   327    -1
 1610  1663   379   362    -1
 1610  1463   216   191    -1
 1610  1583   179    35    -1
 1610  1714   298    55    -1
 1610  1457   111   186    -1
 1610  1713    51    57    -1
 1610  1489   177   327    -1
 1610  1283   149    60    -1
 1610  1079   265   219    -1
 1610  1745   365   366    -1
 1610  1292   142   224    -1
 1610  1293   298   312    -1
 1610  1112   274   169    -1
 1610  1475   335   229    -1
 1610  1592    84    96    -1
 1610  1250    78   219    -1
 1610  1514   122   284    -1
 1610  1752    16   315    -1
 1610   967    94   143    -1
 1610  1326   297   127    -1
 1610  1748    26   223    -1
 1610  1749    13   381    -1
 1610   736   113   223    -1
 1610  1753   331   385    -1
 1610  1707    11   259    -1
 1610  1658   275    62    -1
 1610  1666   332    70    -1
 1610  1242   201   155    -1
 1610  1689    34   193    -1
 1610  1671    50   260    -1
 1610  1718   311    37    -1
 1610  1512   308   232    -1
 1610  1204   198   258    -1
 1610  1562   168   100    -1
 1610  1520   333   295    -1
 1610  1273   271   228    -1
 1610  1295    71   178    -1
 1610  1521   254    48    -1
 1610  1719   339    49    -1
 1610  1730   202   355    -1
 1610  1640    54   303    -1
 1610  1647   321   255    -1
 1840   922   332   106    -1
 1840  1970   159     9    -1
 1840  1567    76   386    -1
 1840  1669   268   365    -1
 1840   972    89   394    -1
 1840  1950   358    69    -1
 1840  1938   190   349    -1
 1840  1199   263   142    -1
 1840  1961   162    33    -1
 1840  1923   248   341    -1
 1840  1862   292   386    -1
 1840   831   243   331    -1
 1840  1767   259   224    -1
 1840  1785   235   100    -1
 1840  1619   296   130    -1
 1840  1778   272    38    -1
 1840   316   278   331    -1
 1840  1631   225    65    -1
 1840  1481   214   119    -1
 1840  1486   150   337    -1
 1840  1843   125   285    -1
 1840  1516   257   325    -1
 1840  1988    71     6    -1
 1840  1939    15    63    -1
 1840  1921    23   249    -1
 1840  1798   206   321    -1
 1840  1519   235   277    -1
 1840  1940   261   368    -1
 1840  1931   348    96    -1
 1840  1708   196    43    -1
 1840  1928   357   265    -1
 1840  1387   311    10    -1
 1840  1527   112   194    -1
 1840  1367   258   227    -1
 1840  1896    74    12    -1
 1840  1048   208   162    -1
 1840  1855   285   137    -1
 1840  1856   180   111    -1
 1840   410   208   263    -1
 1840  1977    17   230    -1
 1840  1951   356   345    -1
 1840  1490   318   294    -1
 1840  1934   272   388    -1
 1840  1632   168   257    -1
 1840  1863   360   386    -1
 1840  1908    73   231    -1
 1840  1790   240    18    -1
 1840  1694   335   361    -1
 1840   823   302   151    -1
 1840  1336   293   165    -1
 1840  1946    46   190    -1
 1840  1874    88    52    -1
 1840  1852     8   313    -1
 1840  1732   296   135    -1
 1840   923   301    55    -1
 1840  1575   120   189    -1
 1840  1597    95    79    -1
 1840  1401   195   296    -1
 1840  1980    24    14    -1
 1840  1892   169   370    -1
 1840  1564    76   211    -1
 1840  1877   124    96    -1
 1840  1488    39    79    -1
 1840  1384   212   171    -1
 1840  1363    73   272    -1
 1840  1942   287    43    -1
 1840  1828   220   126    -1
 1840  1472   284    75    -1
 1840  1833   182   358    -1
 1840  1809   158   279    -1
 1840  1799   248   152    -1
 1840  1894   299   361    -1
 1840  1373    43   123    -1
 1840  1792   325   116    -1
 1840  1711   115   386    -1
 1840  1982    15    13    -1
 1840  1660   359   221    -1
 1840  1436   162   201    -1
 1840  1795   132   164    -1
 1840  1926   384   318    -1
 1840  1656   228   314    -1
 1840  1675    93   276    -1
 1840  1365   290    28    -1
 1840  1329   387   315    -1
 1840  1859   295   310    -1
 1840  1871   270   359    -1
 1840  1210   356    75    -1
 1840  1814   328   301    -1
 1840  1687   227   193    -1
 1840  1983     9    95    -1
 1840  1898   324    36    -1
 1840  1884   295   271    -1
 1840  1929   273   374    -1
 1840  1867   347   315    -1
 1840  1485   350    96    -1
 1840  1935    44   154    -1
 1840  1720    73    33    -1
 1840  1963    24   317    -1
 1840  1810   195    78    -1
 1840  1901    56   275    -1
 1840  1969   272   373    -1
 1840  1636   231   197    -1
 1840  1872   221    59    -1
 1840  1964    22   369    -1
 1840  1822   316    20    -1
 1840  1377   216   304    -1
 1840   331   267   322    -1
 1840  1641   107   367    -1
 1840  1540   198   277    -1
 1840  1815    92   144    -1
 1840  1846   282    98    -1
 1840   342   305   177    -1
 1840  1909   254   320    -1
 1840  1978    99    19    -1
 1840  1824   373   118    -1
 1840  1851   340   100    -1
 1840  1965   334     7    -1
 1840  1781   229   248    -1
 1840  1958   364   181    -1
 1840  1759   187    48    -1
 1840  1933   115   361    -1
 1840  1147   276   320    -1
 1840  1467   262   281    -1
 1840  1182   222   217    -1
 1840  1664   181   312    -1
 1840  1634   370   226    -1
 1840  1782   263    62    -1
 1840  1883   265   344    -1
 1840  1679   222    56    -1
 1840  1891   211    39    -1
 1840  1542   169   218    -1
 1840  1525   249   209    -1
 1840  1899   374    81    -1
 1840   592   240    93    -1
 1840  1712   239   194    -1
 1840  1786    30   258    -1
 1840  1654   227   262    -1
 1840  1873    75   286    -1
 1840  1607   328   213    -1
 1840  1461    79   127    -1
 1840  1568   225   229    -1
 1840  1936    27    26    -1
 1840   690   105   295    -1
 1840  1959    63   366    -1
 1840  1770    44    91    -1
 1840  1019   160   228    -1
 1840  1369    66   212    -1
 1840  1962   122    28    -1
 1840   140   164   129    -1
 1840   825   164   355    -1
 1840  1973   378   325    -1
 1840  1943   350   365    -1
 1840  1400   381   208    -1
 1840  1937   124    37    -1
 1840  1771   227   161    -1
 1840   149    97   122    -1
 1840  1812   134   108    -1
 1840  1115   172   357    -1
 1840  1913    73   354    -1
 1840  1611   235   330    -1
 1840  1645   150   319    -1
 1840  1920   338     8    -1
 1840  1805    52   112    -1
 1840  1473    27    94    -1
 1840  1416   321   259    -1
 1840  1989     5   228    -1
 1840  1703   248   191    -1
 1840  1432   198   133    -1
 1840  1914   362   216    -1
 1840  1541   256   367    -1
 1840  1710   230   358    -1
 1840  1604   112   227    -1
 1840  1613    92   225    -1
 1840  1835    91   345    -1
 1840  1985     9   137    -1
 1840  1772   324    54    -1
 1840  1573   196   181    -1
 1840  1960   367   164    -1
 1840  1179    68    28    -1
 1840  1930    34   181    -1
 1840  1699   237   156    -1
 1840  1487   260   126    -1
 1840  1955   370    42    -1
 1840  1827   348    64    -1
 1840  1948    19   374    -1
 1840  1768    36   198    -1
 1840  1313   292   314    -1
 1840  1941    49    86    -1
 1840  1972   374   157    -1
 1840   578   210   119    -1
 1840  1534   334   341    -1
 1840  1974    19   118    -1
 1840  1887    88   302    -1
 1840  1837    73   234    -1
 1840  1829   349   136    -1
 1840  1009   136    16    -1
 1840  1858   339   157    -1
 1840  1423   297   355    -1
 1840  1493   108   221    -1
 1840  1758    92   195    -1
 1840  1952    33   149    -1
 1840   525   320   248    -1
 1840  1788    96   249    -1
 1840  1979    11   296    -1
 1840  1981    12   111    -1
 1840  1890   157    18    -1
 1840  1857   185   313    -1
 1840  1665     8   278    -1
 1840  1848    88   218    -1
 1840  1789   253    82    -1
 1840  1453   315   213    -1
 1840   798   191   146    -1
 1840  1474   190   151    -1
 1840  1971   384   332    -1
 1840  1984   288   392    -1
 1840  1662   122   263    -1
 1840  1502   205   187    -1
 1840  1849   345   246    -1
 1840  1903    74   133    -1
 1840  1235   132   114    -1
 1840  1779   383   266    -1
 1840  1379   270   166    -1
 1840  1643    50   378    -1
 1840  1897    70    50    -1
 1840  1967   379   375    -1
 1840  1463    38   232    -1
 1840  1905   168    73    -1
 1840  1714   379   113    -1
 1840  1853   335   296    -1
 1840  1945   380   169    -1
 1840  1904   214    77    -1
 1840  1911   252    56    -1
 1840  1745   195   348    -1
 1840  1292   132   135    -1
 1840  1293   171   360    -1
 1840  1112   286   226    -1
 1840  1475   309   275    -1
 1840  1592   135     9    -1
 1840  1774   184   166    -1
 1840  1956    16   377    -1
 1840  1976    19   155    -1
 1840  1975    82    24    -1
 1840   967   114    13    -1
 1840  1326   346   163    -1
 1840  1748    99   297    -1
 1840   736   148    82    -1
 1840  1807   349   341    -1
 1840  1870   348   301    -1
 1840  1865   381   114    -1
 1840  1658   324   154    -1
 1840  1242   343   206    -1
 1840  1689   131   275    -1
 1840  1671   204   351    -1
 1840  1915    49    89    -1
 1840  1953    27   347    -1
 1840  1880    47   348    -1
 1840  1204   176    76    -1
 1840  1957   195   365    -1
 1840  1520   394   353    -1
 1840  1273   375   167    -1
 1840  1968    27   183    -1
 1840  1918   159   349    -1
 1840  1854   124   376    -1
 1840  1987   350   394    -1
 1840  1806   262   155    -1
 1840  1800   271   298    -1
 1840  1730    74   309    -1
 1840  1949    46   363    -1
 1840  1647   347   331    -1
