    0     0   102   160    -1
    0     1   102    59    -1
    0     2   108    36    -1
    0     3   168    65    -1
    0     4   139    35    -1
    0     5   155   158    -1
    0     6   182    13    -1
    0     7    54    93    -1
    0     8   139    44    -1
    0     9   144   134    -1
    0    10    29    59    -1
    0    11   186     5    -1
    0    12   150   154    -1
    0    13    88    31    -1
    0    14    67   147    -1
    0    15    51    92    -1
    0    16    27    34    -1
    0    17    16    35    -1
    0    18    12   100    -1
    0    19    91   152    -1
    0    20   128   127    -1
    0    21    21   108    -1
    0    22    14    23    -1
    0    23    88    83    -1
    0    24    50    26    -1
    0    25   100   117    -1
    0    26   131    35    -1
    0    27    82    93    -1
    0    28     7   115    -1
    0    29   151   100    -1
    0    30     7   104    -1
    0    31    84   109    -1
    0    32   135    66    -1
    0    33    87   161    -1
    0    34   127     9    -1
    0    35    41    75    -1
    0    36     7   172    -1
    0    37    52    25    -1
    0    38    23    50    -1
    0    39    54    94    -1
    0    40   154   132    -1
    0    41    48    75    -1
    0    42   191   151    -1
    0    44   187    79    -1
    0    45    34    65    -1
    0    46    81   156    -1
    0    47    18   178    -1
    0    48    73    94    -1
    0    49    18    48    -1
    0    50    22   112    -1
    0    51   126   177    -1
    0    52    32   104    -1
    0    53    77    50    -1
    0    54   124     5    -1
    0    55    98    94    -1
    0    56   152    54    -1
    0    57    36    35    -1
    0    58    87    79    -1
    0    59   167    94    -1
    0    60    99    44    -1
    0    61   116     7    -1
    0    62   104   123    -1
    0    63   161   104    -1
    0    64   132   109    -1
    0    65    47    56    -1
    0    66    87    73    -1
    0    67   114    79    -1
    0    68    38    91    -1
    0    69    84   158    -1
    0    70   116   142    -1
    0    71    80    36    -1
    0    72    21    44    -1
    0    73    38    48    -1
    0    74   141     9    -1
    0    75   144     7    -1
    0    76   185    89    -1
    0    77   113    81    -1
    0    78   168    63    -1
    0    79    62    13    -1
    0    80   171    11    -1
    0    81    10   144    -1
    0    82    53    17    -1
    0    83    78   115    -1
    0    84   173    83    -1
    0    85   161    76    -1
    0    86    92    89    -1
    0    87    39    59    -1
    0    88   130    20    -1
    0    89   101    30    -1
    0    90    86   139    -1
    0    91    85   133    -1
    0    92   137    28    -1
    0    93   132   170    -1
    0    94   175    92    -1
    0    95   137   193    -1
    0    96    98    89    -1
    0    97    45   124    -1
    0    98    98    96    -1
    0    99    62    90    -1
    0   100    66    53    -1
    0   101    70   175    -1
    0   102   107    35    -1
    0   103    20    73    -1
    0   104    94   112    -1
    0   105    63   174    -1
    0   106    29    12    -1
    0   119     5   125    -1
    0   107    58   105    -1
    0   108   115   175    -1
    0   109    61   191    -1
    0   110    89    77    -1
    0   111   164    78    -1
    0   112   186    78    -1
    0   113    10    96    -1
    0   114   159    20    -1
    0   115    31   141    -1
    0   116   162   133    -1
    0   117    71    54    -1
    0   118   112    86    -1
    1     0   101   159    -1
    1     1   101    60    -1
    1     2   109    35    -1
    1     3   168    66    -1
    1     4   139    37    -1
    1     5   155   158    -1
    1     6   182    14    -1
    1     7    53    93    -1
    1     8   140    44    -1
    1     9   143   134    -1
    1    10    30    59    -1
    1    12   149   154    -1
    1    13    88    32    -1
    1    14    66   146    -1
    1    15    50    92    -1
    1    16    27    34    -1
    1    17    15    35    -1
    1    18    11    99    -1
    1    19    91   152    -1
    1    20   129   127    -1
    1    21    22   107    -1
    1    22    14    23    -1
    1    23    88    83    -1
    1   120   153     5    -1
    1    24    51    27    -1
    1    25    99   116    -1
    1    26   132    35    -1
    1    27    83    94    -1
    1    28     8   115    -1
    1    29   151    99    -1
    1    30     6   104    -1
    1    31    83   109    -1
    1    32   133    66    -1
    1    33    88   160    -1
    1    34   127     8    -1
    1    35    41    74    -1
    1    36     8   172    -1
    1    37    52    26    -1
    1    38    22    49    -1
    1   121   177   194    -1
    1    39    53    95    -1
    1    40   154   131    -1
    1    41    49    75    -1
    1    42   192   151    -1
    1    44   188    79    -1
    1    45    34    64    -1
    1    46    81   155    -1
    1    47    18   177    -1
    1    48    74    93    -1
    1    49    18    48    -1
    1    50    23   113    -1
    1    51   127   176    -1
    1    52    32   105    -1
    1    53    75    49    -1
    1    55    97    95    -1
    1    56   151    55    -1
    1    57    36    35    -1
    1    58    88    78    -1
    1    59   166    95    -1
    1    60    99    43    -1
    1    61   116     7    -1
    1    62   104   124    -1
    1    63   161   103    -1
    1    64   132   109    -1
    1    65    47    55    -1
    1    66    87    74    -1
    1    67   115    78    -1
    1    68    39    91    -1
    1    69    83   158    -1
    1    70   116   143    -1
    1    71    81    35    -1
    1    72    22    44    -1
    1   122    77     5    -1
    1    73    39    48    -1
    1    74   142     9    -1
    1    75   144     6    -1
    1    76   186    90    -1
    1    77   113    80    -1
    1    78   169    63    -1
    1    79    62    14    -1
    1    80   171    12    -1
    1    81    11   145    -1
    1    82    52    17    -1
    1    83    79   115    -1
    1    84   174    82    -1
    1    85   160    75    -1
    1    86    91    88    -1
    1    87    38    59    -1
    1    88   131    20    -1
    1    89   100    30    -1
    1    90    86   139    -1
    1    91    86   133    -1
    1    92   137    27    -1
    1    93   131   170    -1
    1    94   174    91    -1
    1    95   136   193    -1
    1    96    98    88    -1
    1    97    46   123    -1
    1    98    99    96    -1
    1    99    62    89    -1
    1   100    67    53    -1
    1   101    70   176    -1
    1   102   108    36    -1
    1   103    21    74    -1
    1   104    95   112    -1
    1   105    64   175    -1
    1   106    29    11    -1
    1   119     6   124    -1
    1   107    58   104    -1
    1   108   114   175    -1
    1   109    60   191    -1
    1   110    90    77    -1
    1   111   163    78    -1
    1   112   186    77    -1
    1   113    11    97    -1
    1   114   159    20    -1
    1   115    31   141    -1
    1   116   163   133    -1
    1   117    72    53    -1
    1   118   111    86    -1
    2     0   100   159    -1
    2     1   100    60    -1
    2     2   109    34    -1
    2     3   168    67    -1
    2     4   140    38    -1
    2     5   155   157    -1
    2     6   182    14    -1
    2     7    53    93    -1
    2     8   140    43    -1
    2     9   142   133    -1
    2    10    31    58    -1
    2    12   148   154    -1
    2    13    88    33    -1
    2    14    67   145    -1
    2    15    49    93    -1
    2    16    28    33    -1
    2    17    14    36    -1
    2    18    10    98    -1
    2    19    92   152    -1
    2    20   129   127    -1
    2    21    23   107    -1
    2    22    13    25    -1
    2    23    87    83    -1
    2   120   154     6    -1
    2    24    51    27    -1
    2    25    98   116    -1
    2    26   132    34    -1
    2    27    83    95    -1
    2    28     9   115    -1
    2    29   150    98    -1
    2    30     6   104    -1
    2    31    83   108    -1
    2    32   133    65    -1
    2    33    88   159    -1
    2    34   127     7    -1
    2    35    42    73    -1
    2    36     9   173    -1
    2    37    52    27    -1
    2    38    22    48    -1
    2   121   176   194    -1
    2    39    52    95    -1
    2    40   154   131    -1
    2    41    50    75    -1
    2    42   193   152    -1
    2    44   189    79    -1
    2    45    35    64    -1
    2    46    82   154    -1
    2    47    18   176    -1
    2    48    74    92    -1
    2    49    19    49    -1
    2    50    23   114    -1
    2    51   127   175    -1
    2    52    31   105    -1
    2    53    74    49    -1
    2    55    96    95    -1
    2    56   151    55    -1
    2    57    36    36    -1
    2    58    89    78    -1
    2    59   165    95    -1
    2    60   100    42    -1
    2    61   116     6    -1
    2    62   104   125    -1
    2    63   161   102    -1
    2    64   133   110    -1
    2    65    48    54    -1
    2    66    87    75    -1
    2    67   115    77    -1
    2    68    39    92    -1
    2    69    82   158    -1
    2    70   117   144    -1
    2    71    81    34    -1
    2    72    23    43    -1
    2   122    77     6    -1
    2    73    39    49    -1
    2    74   143     8    -1
    2    75   145     5    -1
    2    76   185    91    -1
    2    77   112    79    -1
    2    78   170    64    -1
    2    79    63    14    -1
    2    80   171    13    -1
    2    81    12   145    -1
    2    82    51    18    -1
    2    83    79   115    -1
    2    84   174    82    -1
    2    85   159    74    -1
    2    86    90    88    -1
    2    87    38    58    -1
    2    88   132    21    -1
    2    89    99    29    -1
    2    90    85   140    -1
    2    91    86   133    -1
    2    92   136    26    -1
    2    93   130   170    -1
    2    94   173    91    -1
    2    95   135   193    -1
    2    96    98    88    -1
    2    97    46   122    -1
    2    98   100    97    -1
    2    99    62    88    -1
    2   100    67    54    -1
    2   101    70   176    -1
    2   102   108    37    -1
    2   103    21    75    -1
    2   104    96   111    -1
    2   105    65   175    -1
    2   106    29    10    -1
    2   119     7   124    -1
    2   107    58   103    -1
    2   108   113   175    -1
    2   109    59   190    -1
    2   110    91    77    -1
    2   111   162    77    -1
    2   112   187    76    -1
    2   113    12    97    -1
    2   114   158    21    -1
    2   115    32   140    -1
    2   116   164   134    -1
    2   117    73    53    -1
    2   118   111    87    -1
    3     0    99   158    -1
    3     1    99    60    -1
    3     2   110    33    -1
    3     3   168    68    -1
    3     4   140    39    -1
    3     5   154   156    -1
    3     6   182    15    -1
    3     7    52    93    -1
    3     8   141    42    -1
    3     9   141   133    -1
    3    10    31    58    -1
    3    12   147   154    -1
    3    13    88    33    -1
    3    14    68   145    -1
    3    15    48    93    -1
    3    16    28    32    -1
    3    17    14    36    -1
    3    18     9    98    -1
    3    19    93   153    -1
    3    20   130   127    -1
    3    21    24   106    -1
    3    22    12    25    -1
    3    23    87    83    -1
    3   120   154     7    -1
    3    24    52    28    -1
    3    25    98   115    -1
    3    26   133    34    -1
    3    27    84    95    -1
    3    28    10   116    -1
    3    29   150    97    -1
    3    31    83   107    -1
    3    32   132    65    -1
    3    33    89   159    -1
    3    34   126     6    -1
    3    35    43    72    -1
    3    36     9   173    -1
    3    37    52    28    -1
    3    38    20    48    -1
    3   121   175   194    -1
    3    39    51    96    -1
    3    40   155   130    -1
    3    41    50    76    -1
    3    42   193   153    -1
    3    44   191    79    -1
    3    45    36    63    -1
    3    46    82   153    -1
    3    47    18   175    -1
    3    48    75    91    -1
    3    49    20    48    -1
    3    50    23   115    -1
    3    51   128   175    -1
    3    52    32   106    -1
    3    53    73    49    -1
    3    55    95    96    -1
    3    56   150    56    -1
    3    57    35    37    -1
    3    58    90    78    -1
    3    59   165    96    -1
    3    60   100    41    -1
    3   123   124     6    -1
    3    61   116     5    -1
    3    62   104   126    -1
    3    63   161   101    -1
    3    64   134   110    -1
    3    65    47    53    -1
    3    66    88    76    -1
    3    67   116    77    -1
    3    68    40    93    -1
    3    69    81   158    -1
    3    70   117   145    -1
    3    71    82    34    -1
    3    72    24    42    -1
    3   122    78     7    -1
    3    73    40    50    -1
    3    74   143     7    -1
    3    76   186    92    -1
    3    77   111    79    -1
    3    78   171    65    -1
    3    79    64    15    -1
    3    80   172    14    -1
    3    81    12   146    -1
    3    82    50    19    -1
    3    83    80   115    -1
    3    84   175    81    -1
    3    85   159    74    -1
    3    86    89    88    -1
    3    87    38    57    -1
    3    88   133    21    -1
    3    89    98    29    -1
    3    90    84   141    -1
    3    91    88   132    -1
    3    92   136    25    -1
    3    93   129   170    -1
    3    94   172    91    -1
    3    95   133   194    -1
    3    96    97    87    -1
    3    97    46   121    -1
    3    98   100    98    -1
    3    99    61    87    -1
    3   100    68    55    -1
    3   101    70   177    -1
    3   102   108    38    -1
    3   103    21    76    -1
    3   104    97   111    -1
    3   105    65   175    -1
    3   106    29     9    -1
    3   119     7   123    -1
    3   107    58   102    -1
    3   108   112   174    -1
    3   109    58   190    -1
    3   110    92    77    -1
    3   111   161    77    -1
    3   112   187    76    -1
    3   113    13    97    -1
    3   114   157    21    -1
    3   115    33   140    -1
    3   116   165   134    -1
    3   117    74    53    -1
    3   118   110    88    -1
    4     0    98   158    -1
    4     1    98    60    -1
    4     2   110    32    -1
    4     3   168    69    -1
    4     4   140    39    -1
    4     5   153   155    -1
    4     6   182    16    -1
    4     7    51    93    -1
    4     8   141    41    -1
    4     9   140   132    -1
    4    10    32    57    -1
    4    12   146   154    -1
    4    13    88    34    -1
    4    14    69   145    -1
    4    15    47    93    -1
    4    16    29    31    -1
    4    17    13    37    -1
    4    18     8    97    -1
    4    19    94   154    -1
    4    20   131   127    -1
    4    21    25   106    -1
    4    22    11    25    -1
    4    23    86    82    -1
    4   120   154     7    -1
    4    24    52    28    -1
    4    25    97   115    -1
    4    26   134    33    -1
    4    27    84    96    -1
    4    28    10   116    -1
    4    29   150    96    -1
    4    31    82   107    -1
    4    32   131    65    -1
    4    33    90   159    -1
    4    35    43    72    -1
    4    36    10   174    -1
    4    37    52    29    -1
    4    38    19    48    -1
    4   121   174   193    -1
    4    39    50    96    -1
    4    40   155   129    -1
    4    41    52    76    -1
    4    42   194   153    -1
    4    44   192    79    -1
    4    45    37    63    -1
    4    46    82   152    -1
    4    47    19   174    -1
    4    48    75    90    -1
    4    49    21    48    -1
    4    50    23   116    -1
    4    51   128   174    -1
    4    52    32   107    -1
    4    53    72    49    -1
    4    55    95    96    -1
    4    56   149    57    -1
    4    57    35    38    -1
    4    58    91    78    -1
    4    59   164    96    -1
    4    60   101    41    -1
    4   123   124     7    -1
    4    62   104   127    -1
    4    63   161   101    -1
    4    64   135   111    -1
    4    65    47    52    -1
    4    66    88    77    -1
    4    67   117    76    -1
    4    68    40    94    -1
    4    69    80   159    -1
    4    70   117   146    -1
    4    71    83    33    -1
    4    72    24    42    -1
    4   122    78     9    -1
    4    73    41    51    -1
    4    74   144     7    -1
    4    76   186    92    -1
    4    77   110    79    -1
    4    78   171    66    -1
    4    79    65    15    -1
    4    80   172    15    -1
    4    81    13   147    -1
    4    82    49    19    -1
    4    83    81   115    -1
    4    84   175    80    -1
    4    85   158    73    -1
    4    86    88    87    -1
    4    87    37    57    -1
    4    88   133    22    -1
    4    89    97    29    -1
    4    90    83   141    -1
    4    91    88   132    -1
    4    92   136    24    -1
    4    93   129   171    -1
    4    94   171    91    -1
    4    95   132   193    -1
    4    96    97    85    -1
    4    97    46   120    -1
    4    98   101    98    -1
    4    99    61    86    -1
    4   100    68    56    -1
    4   101    70   178    -1
    4   102   109    38    -1
    4   103    21    77    -1
    4   104    99   111    -1
    4   105    67   175    -1
    4   106    29     9    -1
    4   119     8   122    -1
    4   107    58   101    -1
    4   108   112   174    -1
    4   109    57   190    -1
    4   110    93    77    -1
    4   111   161    77    -1
    4   112   187    75    -1
    4   113    14    97    -1
    4   114   156    22    -1
    4   115    34   139    -1
    4   116   166   134    -1
    4   117    75    52    -1
    4   118   110    89    -1
    5     0    98   157    -1
    5     1    97    60    -1
    5     2   111    31    -1
    5     3   168    71    -1
    5     4   141    40    -1
    5     5   153   155    -1
    5     6   182    17    -1
    5     7    50    92    -1
    5     8   142    41    -1
    5     9   139   132    -1
    5    10    33    57    -1
    5    12   146   154    -1
    5    13    88    35    -1
    5    14    70   144    -1
    5    15    46    93    -1
    5    16    30    30    -1
    5    17    12    37    -1
    5    18     8    97    -1
    5    19    94   154    -1
    5    20   132   127    -1
    5    21    26   106    -1
    5    22    10    26    -1
    5    23    85    82    -1
    5   120   155     8    -1
    5    24    53    29    -1
    5    25    96   114    -1
    5    26   135    32    -1
    5    27    84    97    -1
    5    28    11   116    -1
    5    29   149    95    -1
    5    31    81   106    -1
    5    32   130    64    -1
    5    33    91   158    -1
    5    35    44    71    -1
    5    36    11   174    -1
    5    37    52    29    -1
    5    38    19    48    -1
    5   121   173   193    -1
    5    39    50    97    -1
    5    40   156   128    -1
    5    41    52    77    -1
    5    42   194   153    -1
    5    44   192    79    -1
    5    45    37    62    -1
    5    46    82   151    -1
    5    47    19   174    -1
    5    48    75    89    -1
    5    49    22    48    -1
    5    50    23   117    -1
    5    51   129   173    -1
    5    52    32   107    -1
    5    53    71    49    -1
    5    55    94    96    -1
    5    56   148    58    -1
    5    57    34    39    -1
    5    58    92    78    -1
    5    59   163    96    -1
    5    60   101    40    -1
    5   123   124     7    -1
    5    62   104   128    -1
    5    63   162   100    -1
    5    64   135   112    -1
    5    65    47    52    -1
    5    66    87    78    -1
    5    67   117    75    -1
    5    68    41    95    -1
    5    69    79   159    -1
    5    70   118   147    -1
    5    71    84    32    -1
    5    72    25    41    -1
    5   122    78     9    -1
    5    73    42    52    -1
    5    74   145     6    -1
    5    76   187    93    -1
    5    77   109    78    -1
    5    78   171    67    -1
    5    79    66    16    -1
    5    80   172    16    -1
    5    81    14   147    -1
    5    82    49    19    -1
    5    83    83   115    -1
    5    84   175    79    -1
    5    85   158    73    -1
    5    86    87    87    -1
    5    87    37    56    -1
    5    88   134    22    -1
    5    89    96    29    -1
    5    90    82   141    -1
    5    91    89   132    -1
    5    92   136    23    -1
    5    93   128   171    -1
    5    94   170    90    -1
    5    95   132   194    -1
    5    96    97    85    -1
    5    97    46   119    -1
    5    98   101    99    -1
    5    99    61    85    -1
    5   100    68    56    -1
    5   101    70   179    -1
    5   102   110    39    -1
    5   103    21    78    -1
    5   104    99   111    -1
    5   105    68   174    -1
    5   106    28     8    -1
    5   119     9   122    -1
    5   107    58   100    -1
    5   108   110   173    -1
    5   109    56   190    -1
    5   110    94    77    -1
    5   111   160    77    -1
    5   112   188    74    -1
    5   113    15    97    -1
    5   114   155    23    -1
    5   115    34   139    -1
    5   116   167   134    -1
    5   117    76    52    -1
    5   118   111    90    -1
    6     0    98   156    -1
    6     1    96    61    -1
    6     2   112    31    -1
    6     3   169    71    -1
    6     4   141    41    -1
    6     5   153   154    -1
    6     6   181    18    -1
    6     7    50    92    -1
    6     8   142    40    -1
    6     9   138   132    -1
    6    10    34    57    -1
    6    12   144   154    -1
    6    13    88    36    -1
    6    14    71   144    -1
    6    15    46    93    -1
    6    16    30    29    -1
    6    17    11    37    -1
    6    18     7    96    -1
    6    19    95   154    -1
    6    20   133   126    -1
    6    21    26   106    -1
    6    22     9    26    -1
    6    23    84    81    -1
    6   120   156     9    -1
    6    24    54    30    -1
    6    25    95   113    -1
    6    26   136    32    -1
    6    27    85    98    -1
    6    28    12   117    -1
    6    29   149    94    -1
    6    31    80   105    -1
    6    32   129    64    -1
    6    33    92   158    -1
    6    35    45    70    -1
    6    36    12   175    -1
    6    37    53    31    -1
    6    38    18    48    -1
    6   121   172   192    -1
    6    39    49    97    -1
    6    40   157   127    -1
    6    41    53    78    -1
    6    44   193    78    -1
    6    45    37    61    -1
    6    46    82   150    -1
    6    47    20   173    -1
    6    48    75    88    -1
    6    49    23    47    -1
    6    50    23   117    -1
    6    51   130   171    -1
    6    52    33   108    -1
    6    53    70    49    -1
    6    55    93    97    -1
    6    56   148    58    -1
    6    57    34    39    -1
    6    58    93    79    -1
    6    59   162    96    -1
    6    60   102    39    -1
    6   123   124     8    -1
    6    62   103   129    -1
    6    63   162    99    -1
    6    64   136   112    -1
    6    65    47    51    -1
    6    66    88    79    -1
    6    67   118    74    -1
    6    68    42    96    -1
    6    69    78   159    -1
    6    70   117   148    -1
    6    71    84    32    -1
    6    72    25    40    -1
    6   122    79    10    -1
    6    73    43    52    -1
    6    74   146     6    -1
    6    76   188    94    -1
    6    77   108    78    -1
    6    78   171    67    -1
    6    79    67    16    -1
    6    80   172    17    -1
    6    81    15   148    -1
    6    82    48    19    -1
    6    83    84   115    -1
    6    84   176    78    -1
    6    85   157    72    -1
    6    86    86    87    -1
    6    87    36    55    -1
    6    88   135    22    -1
    6    89    96    29    -1
    6    90    81   141    -1
    6    91    90   131    -1
    6    92   136    22    -1
    6    93   127   172    -1
    6    94   170    90    -1
    6    96    97    84    -1
    6    97    47   118    -1
    6    98   101   100    -1
    6    99    61    84    -1
    6   100    69    57    -1
    6   101    70   180    -1
    6   102   110    40    -1
    6   103    21    80    -1
    6   104   100   110    -1
    6   105    68   174    -1
    6   106    28     7    -1
    6   119    10   122    -1
    6   107    58    99    -1
    6   108   110   174    -1
    6   109    55   189    -1
    6   110    95    76    -1
    6   111   159    77    -1
    6   112   189    74    -1
    6   113    16    98    -1
    6   114   155    24    -1
    6   115    35   138    -1
    6   116   168   135    -1
    6   117    77    51    -1
    6   118   110    91    -1
    7     0    98   155    -1
    7     1    95    62    -1
    7     2   112    30    -1
    7     3   169    72    -1
    7     4   142    42    -1
    7     5   152   153    -1
    7     6   182    19    -1
    7     7    49    92    -1
    7     8   143    39    -1
    7     9   137   132    -1
    7    10    35    56    -1
    7    12   143   154    -1
    7    13    88    37    -1
    7    14    72   144    -1
    7    15    45    94    -1
    7    16    29    28    -1
    7    17    10    38    -1
    7    18     6    96    -1
    7    19    96   155    -1
    7    20   134   126    -1
    7    21    27   106    -1
    7    22     9    27    -1
    7    23    83    81    -1
    7   120   156    10    -1
    7    24    54    30    -1
    7    25    95   113    -1
    7    26   137    31    -1
    7    27    85   100    -1
    7    28    13   117    -1
    7    29   148    93    -1
    7    31    79   104    -1
    7    32   128    64    -1
    7    33    93   157    -1
    7    35    46    69    -1
    7    36    13   175    -1
    7    37    53    31    -1
    7    38    17    47    -1
    7   121   171   192    -1
    7    39    48    97    -1
    7    40   158   127    -1
    7    41    54    79    -1
    7    44   194    78    -1
    7    45    38    61    -1
    7    46    83   150    -1
    7    47    20   173    -1
    7    48    76    87    -1
    7    49    24    47    -1
    7    50    23   118    -1
    7    51   130   171    -1
    7    52    33   109    -1
    7    53    69    49    -1
    7    55    92    98    -1
    7    56   148    59    -1
    7    57    33    40    -1
    7    58    93    80    -1
    7    59   161    96    -1
    7    60   102    38    -1
    7   123   124    10    -1
    7    62   103   130    -1
    7    63   162    98    -1
    7    64   137   113    -1
    7    65    47    50    -1
    7    66    87    79    -1
    7    67   118    74    -1
    7   124   194   123    -1
    7    68    42    96    -1
    7    69    77   159    -1
    7    70   118   149    -1
    7    71    85    31    -1
    7    72    25    39    -1
    7   122    79    11    -1
    7    73    43    53    -1
    7    74   147     6    -1
    7    76   189    94    -1
    7    77   107    77    -1
    7    78   172    68    -1
    7    79    68    16    -1
    7    80   173    18    -1
    7    81    15   149    -1
    7    82    47    19    -1
    7    83    85   115    -1
    7    84   176    76    -1
    7    85   157    71    -1
    7    86    85    87    -1
    7    87    35    55    -1
    7    88   136    22    -1
    7    89    95    30    -1
    7    90    80   141    -1
    7    91    91   130    -1
    7    92   135    21    -1
    7    93   126   172    -1
    7    94   169    90    -1
    7    96    97    83    -1
    7    97    46   117    -1
    7    98   102   101    -1
    7    99    61    83    -1
    7   100    70    58    -1
    7   101    70   181    -1
    7   102   110    41    -1
    7   103    22    80    -1
    7   104   101   110    -1
    7   105    69   174    -1
    7   106    27     6    -1
    7   119    11   122    -1
    7   107    59    98    -1
    7   108   108   174    -1
    7   109    54   190    -1
    7   110    95    75    -1
    7   111   158    78    -1
    7   112   190    73    -1
    7   113    17    98    -1
    7   114   154    25    -1
    7   115    36   138    -1
    7   116   169   135    -1
    7   117    77    50    -1
    7   118   109    92    -1
    8     0    97   154    -1
    8   125    54   194    -1
    8     1    95    62    -1
    8     2   112    29    -1
    8     3   168    73    -1
    8     4   142    42    -1
    8     5   151   152    -1
    8     6   181    20    -1
    8     7    48    92    -1
    8     8   143    38    -1
    8     9   136   132    -1
    8    10    36    56    -1
    8    12   142   154    -1
    8    13    88    37    -1
    8    14    73   144    -1
    8    15    44    94    -1
    8    16    29    27    -1
    8    17    10    38    -1
    8    18     6    95    -1
    8    19    98   155    -1
    8    20   135   126    -1
    8    21    28   107    -1
    8    22     8    28    -1
    8    23    82    81    -1
    8   120   157    10    -1
    8    24    55    31    -1
    8    25    94   112    -1
    8    26   137    30    -1
    8    27    85   101    -1
    8    28    14   118    -1
    8    29   148    92    -1
    8    31    79   104    -1
    8    32   126    63    -1
    8    33    94   157    -1
    8    35    46    69    -1
    8    36    13   176    -1
    8    37    53    32    -1
    8    38    16    47    -1
    8   121   170   192    -1
    8    39    46    98    -1
    8    40   159   126    -1
    8    41    54    80    -1
    8    45    39    60    -1
    8    46    83   148    -1
    8    47    19   171    -1
    8    48    77    87    -1
    8    49    25    46    -1
    8    50    23   120    -1
    8    51   130   170    -1
    8    52    34   110    -1
    8    53    68    49    -1
    8    55    92    98    -1
    8    56   149    60    -1
    8    57    33    40    -1
    8   126   194   185    -1
    8    58    94    81    -1
    8    59   160    96    -1
    8    60   102    38    -1
    8   123   124    10    -1
    8    62   103   131    -1
    8    63   163    98    -1
    8    64   138   113    -1
    8    65    47    49    -1
    8    66    88    80    -1
    8    67   119    74    -1
    8   124   193   123    -1
    8    68    43    97    -1
    8    69    76   159    -1
    8    70   118   150    -1
    8    71    86    30    -1
    8    72    25    38    -1
    8   122    79    12    -1
    8    73    44    54    -1
    8    74   148     6    -1
    8    76   190    94    -1
    8    77   107    76    -1
    8    78   172    69    -1
    8    79    69    16    -1
    8    80   173    19    -1
    8    81    16   150    -1
    8   127   194    16    -1
    8    82    46    19    -1
    8    83    86   114    -1
    8    84   176    75    -1
    8    85   156    70    -1
    8    86    84    87    -1
    8    87    35    54    -1
    8    88   137    22    -1
    8    89    94    30    -1
    8    90    79   141    -1
    8    91    92   130    -1
    8    92   135    20    -1
    8    93   125   172    -1
    8    94   168    90    -1
    8    96    97    82    -1
    8    97    45   116    -1
    8    98   103   102    -1
    8    99    61    83    -1
    8   100    70    59    -1
    8   101    69   182    -1
    8   102   110    42    -1
    8   103    23    80    -1
    8   104   102   110    -1
    8   105    70   173    -1
    8   106    27     5    -1
    8   119    12   121    -1
    8   107    60    97    -1
    8   108   108   173    -1
    8   109    53   190    -1
    8   110    96    74    -1
    8   111   157    78    -1
    8   112   191    73    -1
    8   113    18    98    -1
    8   114   154    26    -1
    8   115    38   138    -1
    8   116   170   135    -1
    8   117    79    50    -1
    8   118   109    93    -1
    9     0    96   154    -1
    9   125    53   193    -1
    9     1    94    63    -1
    9     2   112    28    -1
    9     3   169    74    -1
    9     4   142    43    -1
    9     5   151   151    -1
    9     6   182    22    -1
    9     7    46    92    -1
    9     8   143    37    -1
    9     9   136   132    -1
    9    10    37    57    -1
    9    12   141   154    -1
    9    13    88    38    -1
    9    14    74   144    -1
    9    15    43    94    -1
    9    16    29    25    -1
    9    17     9    38    -1
    9    18     5    94    -1
    9    19    99   156    -1
    9    20   136   125    -1
    9    21    29   107    -1
    9    22     8    29    -1
    9    23    81    80    -1
    9   120   158    10    -1
    9    24    56    32    -1
    9    25    93   112    -1
    9    26   138    29    -1
    9    27    86   101    -1
    9    28    15   118    -1
    9    29   148    91    -1
    9    31    78   104    -1
    9    32   126    63    -1
    9    33    95   157    -1
    9    35    46    68    -1
    9    36    14   176    -1
    9    37    53    33    -1
    9    38    15    46    -1
    9   121   169   192    -1
    9    39    45    97    -1
    9    40   159   126    -1
    9    41    55    81    -1
    9    45    39    59    -1
    9    46    83   148    -1
    9    47    20   170    -1
    9    48    78    86    -1
    9    49    27    46    -1
    9    50    23   121    -1
    9    51   131   169    -1
    9    52    35   110    -1
    9    53    67    49    -1
    9    55    91    99    -1
    9    56   149    61    -1
    9    57    32    41    -1
    9   126   193   185    -1
    9    58    94    82    -1
    9    59   160    96    -1
    9    60   103    37    -1
    9   123   125    11    -1
    9    62   103   132    -1
    9    63   163    97    -1
    9    64   139   113    -1
    9    65    47    48    -1
    9    66    87    81    -1
    9    67   120    73    -1
    9   124   192   123    -1
    9    68    44    97    -1
    9    69    75   159    -1
    9    70   117   150    -1
    9    71    86    30    -1
    9    72    26    37    -1
    9   122    79    13    -1
    9    73    45    54    -1
    9    74   149     6    -1
    9    76   191    94    -1
    9    77   106    75    -1
    9    78   172    70    -1
    9    79    69    17    -1
    9    80   173    20    -1
    9    81    17   151    -1
    9   127   194    16    -1
    9    82    45    19    -1
    9    83    87   114    -1
    9    84   176    74    -1
    9    85   155    70    -1
    9    86    83    87    -1
    9    87    34    54    -1
    9    88   138    22    -1
    9    89    93    31    -1
    9    90    78   141    -1
    9    91    93   130    -1
    9    92   135    20    -1
    9    93   124   172    -1
    9    94   167    89    -1
    9    96    97    81    -1
    9    97    45   115    -1
    9    98   103   103    -1
    9    99    61    82    -1
    9   100    71    59    -1
    9   101    69   183    -1
    9   102   111    43    -1
    9   103    24    81    -1
    9   104   103   110    -1
    9   105    71   173    -1
    9   106    26     5    -1
    9   119    13   120    -1
    9   107    60    96    -1
    9   108   107   172    -1
    9   109    52   190    -1
    9   110    97    74    -1
    9   111   156    77    -1
    9   112   191    72    -1
    9   113    19    97    -1
    9   114   153    27    -1
    9   115    39   138    -1
    9   116   171   135    -1
    9   117    80    49    -1
    9   118   108    94    -1
